1 0.0
2 158.85446
3 25.385368
4 0.0
5 93.37531
6 99.78775
7 19.844534
8 38.61463
9 32.0
10 33.134
11 158.661
12 0.0
13 257.32632
14 114.92849
15 115.210655
16 267.0
17 32.0
18 38.61463
19 30.866
20 30.81372
21 0.0
22 136.09079
23 50.003304
24 1.1340001
25 0.0
26 203.0
27 38.61463
28 0.0
29 0.0
30 32.6
31 32.0
32 103.93259
33 0.0
34 33.134
35 203.0
36 203.0
37 0.0
38 30.866
39 31.974007
40 131.34721
41 203.0
42 33.134
43 203.0
44 32.0
45 203.0
46 98.60904
47 32.0
48 30.8
49 3.363054
50 203.0
51 30.866
52 0.0
53 204.134
54 6.8508253
55 0.0
56 17.625107
57 203.0
58 24.251368
59 87.694595
60 33.733997
61 98.60904
62 20.01105
63 6.6146307
64 39.814632
65 32.0
66 98.44355
67 30.866
68 0.0
69 38.61463
70 0.0
71 0.0
72 78.799576
73 191.15308
74 27.65337
75 0.0
76 203.0
77 181.55653
78 41.835037
79 0.0
80 98.80655
81 203.0
82 93.37531
83 30.866
84 32.0
85 1.1340001
86 0.0
87 0.0
88 158.96297
89 0.6
90 25.385368
91 32.0
92 180.37312
93 0.0
94 0.0
95 0.0
96 30.866
97 25.385368
98 158.81789
99 30.866
100 50.770096
101 267.0
102 257.32632
103 204.134
104 203.0
105 203.0
106 203.0
107 203.0
108 203.0
109 203.0
110 203.0
111 203.0
112 203.0
113 203.0
114 191.15308
115 181.55653
116 180.37312
117 158.96297
118 158.85446
119 158.81789
120 158.661
121 136.09079
122 131.34721
123 115.210655
124 114.92849
125 103.93259
126 99.78775
127 98.80655
128 98.60904
129 98.60904
130 98.44355
131 93.37531
132 93.37531
133 87.694595
134 78.799576
135 50.770096
136 50.003304
137 41.835037
138 39.814632
139 38.61463
140 38.61463
141 38.61463
142 38.61463
143 33.733997
144 33.134
145 33.134
146 33.134
147 32.6
148 32.0
149 32.0
150 32.0
151 104.07178
152 153.03673
153 131.32979
154 101.49297
155 203.0
156 109.344215
157 188.05223
158 267.0
159 33.134
160 203.0
161 0.0
162 131.1687
163 125.69333
164 104.18203
165 204.134
166 203.0
167 131.78018
168 0.0
169 136.95619
170 0.0
171 163.9763
172 38.61463
173 180.3962
174 120.665276
175 87.65119
176 33.134
177 82.07213
178 93.31987
179 131.3209
180 105.25169
181 184.55466
182 92.964134
183 267.0
184 0.0
185 33.134
186 98.60577
187 10.304867
188 32.0
189 49.285866
190 153.19043
191 38.61463
192 203.0
193 87.799866
194 8.460087
195 32.0
196 33.134
197 13.514138
198 25.385368
199 0.0
200 37.41463
201 267.0
202 267.0
203 267.0
204 257.32632
205 204.134
206 204.134
207 203.0
208 203.0
209 203.0
210 203.0
211 203.0
212 203.0
213 203.0
214 203.0
215 203.0
216 203.0
217 203.0
218 203.0
219 203.0
220 203.0
221 191.15308
222 188.05223
223 184.55466
224 181.55653
225 180.3962
226 180.37312
227 163.9763
228 158.96297
229 158.85446
230 158.81789
231 158.661
232 153.19043
233 153.03673
234 136.95619
235 136.09079
236 131.78018
237 131.34721
238 131.32979
239 131.3209
240 131.1687
241 125.69333
242 120.665276
243 115.210655
244 114.92849
245 109.344215
246 105.25169
247 104.18203
248 104.07178
249 103.93259
250 101.49297
251 203.0
252 203.0
253 204.134
254 203.0
255 7.8647346
256 34.334
257 204.134
258 136.67923
259 203.0
260 245.65282
261 203.0
262 33.134
263 37.41463
264 0.0
265 196.66762
266 203.0
267 0.0
268 0.0
269 148.19415
270 267.0
271 4.9186726
272 6.083004
273 98.59894
274 14.270421
275 169.5441
276 142.0837
277 0.0
278 203.0
279 98.60904
280 0.0
281 25.385368
282 163.86197
283 0.0
284 185.99841
285 38.61463
286 0.0
287 33.2
288 0.0
289 0.0
290 82.18551
291 120.25711
292 98.682686
293 203.0
294 6.0838547
295 175.09944
296 7.6199245
297 267.0
298 32.0
299 131.11531
300 0.0
301 267.0
302 267.0
303 267.0
304 267.0
305 267.0
306 257.32632
307 245.65282
308 204.134
309 204.134
310 204.134
311 204.134
312 203.0
313 203.0
314 203.0
315 203.0
316 203.0
317 203.0
318 203.0
319 203.0
320 203.0
321 203.0
322 203.0
323 203.0
324 203.0
325 203.0
326 203.0
327 203.0
328 203.0
329 203.0
330 203.0
331 203.0
332 203.0
333 203.0
334 196.66762
335 191.15308
336 188.05223
337 185.99841
338 184.55466
339 181.55653
340 180.3962
341 180.37312
342 175.09944
343 169.5441
344 163.9763
345 163.86197
346 158.96297
347 158.85446
348 158.81789
349 158.661
350 153.19043
351 204.134
352 267.0
353 66.54276
354 38.61463
355 33.134
356 169.4465
357 87.62413
358 204.134
359 203.0
360 11.968375
361 204.134
362 76.85063
363 203.0
364 203.0
365 109.40977
366 0.0
367 204.134
368 9.030172
369 204.134
370 51.44374
371 50.751774
372 125.84555
373 203.0
374 170.78238
375 0.0
376 38.61463
377 34.550148
378 203.0
379 203.0
380 203.0
381 0.0
382 203.0
383 36.286522
384 164.30345
385 33.134
386 0.0
387 169.50296
388 203.0
389 0.0
390 153.1332
391 68.27055
392 142.46985
393 158.84251
394 152.91953
395 44.155464
396 30.8
397 175.13602
398 6.8508253
399 153.37085
400 32.0
401 267.0
402 267.0
403 267.0
404 267.0
405 267.0
406 267.0
407 257.32632
408 245.65282
409 204.134
410 204.134
411 204.134
412 204.134
413 204.134
414 204.134
415 204.134
416 204.134
417 204.134
418 203.0
419 203.0
420 203.0
421 203.0
422 203.0
423 203.0
424 203.0
425 203.0
426 203.0
427 203.0
428 203.0
429 203.0
430 203.0
431 203.0
432 203.0
433 203.0
434 203.0
435 203.0
436 203.0
437 203.0
438 203.0
439 203.0
440 203.0
441 203.0
442 203.0
443 203.0
444 203.0
445 203.0
446 203.0
447 203.0
448 203.0
449 196.66762
450 191.15308
451 203.0
452 76.60742
453 203.0
454 174.49194
455 33.134
456 203.0
457 0.0
458 0.0
459 0.0
460 38.850822
461 182.5228
462 0.0
463 0.0
464 203.0
465 104.00625
466 764.134
467 203.0
468 125.9862
469 65.72909
470 0.0
471 6.6146307
472 87.65047
473 169.34161
474 763.0
475 163.98137
476 26.560251
477 195.49901
478 203.0
479 71.45336
480 50.00911
481 180.49574
482 0.0
483 203.0
484 188.83167
485 71.90792
486 202.36305
487 203.0
488 147.27641
489 203.0
490 6.6146307
491 204.134
492 175.25192
493 55.900497
494 0.0
495 72.459076
496 203.0
497 50.419865
498 203.0
499 109.771835
500 158.74014
501 764.134
502 763.0
503 267.0
504 267.0
505 267.0
506 267.0
507 267.0
508 267.0
509 257.32632
510 245.65282
511 204.134
512 204.134
513 204.134
514 204.134
515 204.134
516 204.134
517 204.134
518 204.134
519 204.134
520 204.134
521 203.0
522 203.0
523 203.0
524 203.0
525 203.0
526 203.0
527 203.0
528 203.0
529 203.0
530 203.0
531 203.0
532 203.0
533 203.0
534 203.0
535 203.0
536 203.0
537 203.0
538 203.0
539 203.0
540 203.0
541 203.0
542 203.0
543 203.0
544 203.0
545 203.0
546 203.0
547 203.0
548 203.0
549 203.0
550 203.0
551 203.0
552 203.0
553 267.0
554 30.866
555 104.00625
556 267.0
557 153.15439
558 39.74863
559 30.866
560 164.64603
561 203.0
562 0.0
563 18.770737
564 203.0
565 268.134
566 79.00386
567 32.0
568 203.0
569 37.716824
570 1.1340001
571 268.134
572 203.0
573 203.0
574 120.291336
575 203.0
576 203.0
577 34.868
578 203.0
579 175.2052
580 159.74704
581 204.134
582 14.714138
583 204.134
584 18.651634
585 0.0
586 61.236813
587 45.200073
588 22.822338
589 9.010302
590 25.385366
591 160.45515
592 203.0
593 203.0
594 33.134
595 163.93512
596 125.76571
597 203.0
598 0.0
599 50.137615
600 203.0
601 764.134
602 763.0
603 268.134
604 268.134
605 267.0
606 267.0
607 267.0
608 267.0
609 267.0
610 267.0
611 267.0
612 267.0
613 257.32632
614 245.65282
615 204.134
616 204.134
617 204.134
618 204.134
619 204.134
620 204.134
621 204.134
622 204.134
623 204.134
624 204.134
625 204.134
626 204.134
627 203.0
628 203.0
629 203.0
630 203.0
631 203.0
632 203.0
633 203.0
634 203.0
635 203.0
636 203.0
637 203.0
638 203.0
639 203.0
640 203.0
641 203.0
642 203.0
643 203.0
644 203.0
645 203.0
646 203.0
647 203.0
648 203.0
649 203.0
650 203.0
651 267.0
652 0.0
653 203.0
654 0.0
655 96.53399
656 203.0
657 203.0
658 203.0
659 38.61463
660 203.0
661 225.0596
662 0.0
663 32.0
664 46.218056
665 203.0
666 8.937017
667 0.0
668 203.0
669 25.385368
670 203.0
671 36.88063
672 203.0
673 0.0
674 33.134
675 204.134
676 203.0
677 25.385368
678 202.32101
679 38.61463
680 32.0
681 55.13841
682 203.0
683 268.134
684 186.1973
685 203.0
686 25.385368
687 160.35544
688 203.0
689 99.50989
690 160.93933
691 263.4161
692 203.0
693 64.53967
694 32.0
695 21.165623
696 203.0
697 0.0
698 9.000909
699 204.134
700 76.62819
701 764.134
702 763.0
703 268.134
704 268.134
705 268.134
706 267.0
707 267.0
708 267.0
709 267.0
710 267.0
711 267.0
712 267.0
713 267.0
714 267.0
715 263.4161
716 257.32632
717 245.65282
718 225.0596
719 204.134
720 204.134
721 204.134
722 204.134
723 204.134
724 204.134
725 204.134
726 204.134
727 204.134
728 204.134
729 204.134
730 204.134
731 204.134
732 204.134
733 203.0
734 203.0
735 203.0
736 203.0
737 203.0
738 203.0
739 203.0
740 203.0
741 203.0
742 203.0
743 203.0
744 203.0
745 203.0
746 203.0
747 203.0
748 203.0
749 203.0
750 203.0
751 104.09685
752 203.0
753 0.0
754 267.0
755 258.50565
756 166.16371
757 204.134
758 0.0
759 37.13813
760 104.00625
761 0.0
762 0.0
763 191.56558
764 284.3595
765 187.30746
766 147.62897
767 203.0
768 191.34065
769 24.589207
770 109.344215
771 487.00967
772 189.26231
773 203.0
774 77.80874
775 203.0
776 203.0
777 12.809177
778 203.0
779 25.12741
780 0.0
781 204.134
782 0.0
783 190.08058
784 152.88007
785 37.41463
786 267.0
787 203.0
788 203.0
789 203.0
790 0.0
791 203.0
792 6.8508253
793 203.0
794 204.134
795 169.5441
796 267.0
797 14.479365
798 203.0
799 203.0
800 190.69807
801 764.134
802 763.0
803 487.00967
804 284.3595
805 268.134
806 268.134
807 268.134
808 267.0
809 267.0
810 267.0
811 267.0
812 267.0
813 267.0
814 267.0
815 267.0
816 267.0
817 267.0
818 267.0
819 267.0
820 263.4161
821 258.50565
822 257.32632
823 245.65282
824 225.0596
825 204.134
826 204.134
827 204.134
828 204.134
829 204.134
830 204.134
831 204.134
832 204.134
833 204.134
834 204.134
835 204.134
836 204.134
837 204.134
838 204.134
839 204.134
840 204.134
841 204.134
842 203.0
843 203.0
844 203.0
845 203.0
846 203.0
847 203.0
848 203.0
849 203.0
850 203.0
851 51.56761
852 17.285864
853 25.385368
854 158.50899
855 203.0
856 29.256739
857 203.0
858 103.99005
859 203.0
860 471.569
861 153.19499
862 268.134
863 203.0
864 203.0
865 46.599453
866 34.267998
867 203.0
868 267.0
869 267.0
870 203.0
871 0.0
872 180.21225
873 59.032097
874 158.81133
875 0.0
876 203.0
877 267.0
878 203.0
879 203.0
880 0.0
881 98.43332
882 59.206337
883 203.0
884 0.0
885 491.84866
886 203.0
887 4.7540255
888 445.2971
889 104.089
890 45.229263
891 203.0
892 189.77075
893 0.0
894 104.200516
895 203.0
896 42.816246
897 203.0
898 27.935516
899 204.134
900 203.0
901 764.134
902 763.0
903 491.84866
904 487.00967
905 471.569
906 445.2971
907 284.3595
908 268.134
909 268.134
910 268.134
911 268.134
912 267.0
913 267.0
914 267.0
915 267.0
916 267.0
917 267.0
918 267.0
919 267.0
920 267.0
921 267.0
922 267.0
923 267.0
924 267.0
925 267.0
926 267.0
927 263.4161
928 258.50565
929 257.32632
930 245.65282
931 225.0596
932 204.134
933 204.134
934 204.134
935 204.134
936 204.134
937 204.134
938 204.134
939 204.134
940 204.134
941 204.134
942 204.134
943 204.134
944 204.134
945 204.134
946 204.134
947 204.134
948 204.134
949 204.134
950 203.0
951 203.0
952 201.866
953 203.0
954 48.291336
955 60.422493
956 56.34109
957 29.131998
958 763.0
959 4.9272056
960 10.437932
961 24.303644
962 98.65427
963 203.0
964 203.0
965 203.0
966 203.0
967 38.61463
968 203.0
969 189.98781
970 1.2
971 204.134
972 203.0
973 489.46008
974 60.4775
975 204.134
976 204.134
977 169.46179
978 252.05534
979 203.0
980 38.61463
981 196.90024
982 204.134
983 203.0
984 203.0
985 763.0
986 203.0
987 203.0
988 45.701645
989 204.134
990 204.134
991 203.0
992 204.134
993 267.0
994 0.0
995 32.0
996 204.134
997 0.0
998 204.134
999 268.134
1000 203.0
1001 764.134
1002 763.0
1003 763.0
1004 763.0
1005 491.84866
1006 489.46008
1007 487.00967
1008 471.569
1009 445.2971
1010 284.3595
1011 268.134
1012 268.134
1013 268.134
1014 268.134
1015 268.134
1016 267.0
1017 267.0
1018 267.0
1019 267.0
1020 267.0
1021 267.0
1022 267.0
1023 267.0
1024 267.0
1025 267.0
1026 267.0
1027 267.0
1028 267.0
1029 267.0
1030 267.0
1031 267.0
1032 263.4161
1033 258.50565
1034 257.32632
1035 252.05534
1036 245.65282
1037 225.0596
1038 204.134
1039 204.134
1040 204.134
1041 204.134
1042 204.134
1043 204.134
1044 204.134
1045 204.134
1046 204.134
1047 204.134
1048 204.134
1049 204.134
1050 204.134
1051 37.48063
1052 267.0
1053 225.15137
1054 203.0
1055 1419.0
1056 203.0
1057 39.517563
1058 47.799454
1059 251.22835
1060 101.64243
1061 0.0
1062 164.65945
1063 203.0
1064 31.4
1065 203.0
1066 158.8034
1067 276.2857
1068 0.0
1069 267.0
1070 204.134
1071 0.0
1072 267.0
1073 1.2
1074 203.0
1075 203.65874
1076 267.0
1077 38.61463
1078 0.0
1079 203.0
1080 0.06518793
1081 131.43034
1082 181.48793
1083 203.0
1084 44.303658
1085 203.0
1086 30.265999
1087 203.0
1088 267.0
1089 191.18486
1090 1.1340001
1091 203.0
1092 158.63176
1093 29.731998
1094 203.0
1095 47.050507
1096 203.0
1097 204.134
1098 39.98482
1099 763.0
1100 203.0
1101 1419.0
1102 764.134
1103 763.0
1104 763.0
1105 763.0
1106 763.0
1107 491.84866
1108 489.46008
1109 487.00967
1110 471.569
1111 445.2971
1112 284.3595
1113 276.2857
1114 268.134
1115 268.134
1116 268.134
1117 268.134
1118 268.134
1119 267.0
1120 267.0
1121 267.0
1122 267.0
1123 267.0
1124 267.0
1125 267.0
1126 267.0
1127 267.0
1128 267.0
1129 267.0
1130 267.0
1131 267.0
1132 267.0
1133 267.0
1134 267.0
1135 267.0
1136 267.0
1137 267.0
1138 267.0
1139 267.0
1140 263.4161
1141 258.50565
1142 257.32632
1143 252.05534
1144 251.22835
1145 245.65282
1146 225.15137
1147 225.0596
1148 204.134
1149 204.134
1150 204.134
1151 40.68746
1152 203.0
1153 204.134
1154 203.0
1155 250.80034
1156 257.8834
1157 203.0
1158 203.0
1159 203.0
1160 173.81178
1161 203.0
1162 89.87269
1163 267.0
1164 203.0
1165 98.682686
1166 49.559677
1167 104.16547
1168 0.0
1169 203.0
1170 0.0
1171 203.0
1172 3.9114487
1173 203.0
1174 1275.0
1175 204.134
1176 34.79639
1177 30.866
1178 66.13615
1179 203.0
1180 158.55774
1181 687.8412
1182 203.0
1183 204.134
1184 120.53888
1185 267.0
1186 34.267998
1187 51.665268
1188 15.377508
1189 203.0
1190 191.5038
1191 204.134
1192 203.0
1193 28.193039
1194 203.0
1195 203.0
1196 198.11589
1197 191.00473
1198 27.547153
1199 204.134
1200 185.92812
1201 1419.0
1202 1275.0
1203 764.134
1204 763.0
1205 763.0
1206 763.0
1207 763.0
1208 687.8412
1209 491.84866
1210 489.46008
1211 487.00967
1212 471.569
1213 445.2971
1214 284.3595
1215 276.2857
1216 268.134
1217 268.134
1218 268.134
1219 268.134
1220 268.134
1221 267.0
1222 267.0
1223 267.0
1224 267.0
1225 267.0
1226 267.0
1227 267.0
1228 267.0
1229 267.0
1230 267.0
1231 267.0
1232 267.0
1233 267.0
1234 267.0
1235 267.0
1236 267.0
1237 267.0
1238 267.0
1239 267.0
1240 267.0
1241 267.0
1242 267.0
1243 267.0
1244 263.4161
1245 258.50565
1246 257.8834
1247 257.32632
1248 252.05534
1249 251.22835
1250 250.80034
1251 774.86536
1252 1599.5228
1253 153.23674
1254 204.134
1255 203.0
1256 -0.9432601
1257 0.065999985
1258 203.0
1259 48.52958
1260 0.0
1261 203.0
1262 33.733997
1263 203.0
1264 203.36977
1265 37.35374
1266 54.939686
1267 0.0
1268 203.0
1269 267.0
1270 204.134
1271 33.134
1272 0.0
1273 279.08218
1274 158.5628
1275 203.0
1276 204.134
1277 3035.0
1278 15.85639
1279 267.0
1280 4096.0
1281 45.200073
1282 169.49503
1283 863.0783
1284 203.0
1285 203.0
1286 486.78305
1287 204.134
1288 878.5714
1289 104.00625
1290 203.0
1291 38.850822
1292 109.48999
1293 203.0
1294 199.24582
1295 50.28731
1296 1419.0
1297 1.1340001
1298 1.1340001
1299 203.0
1300 267.0
1301 4096.0
1302 3035.0
1303 1599.5228
1304 1419.0
1305 1419.0
1306 1275.0
1307 878.5714
1308 863.0783
1309 774.86536
1310 764.134
1311 763.0
1312 763.0
1313 763.0
1314 763.0
1315 687.8412
1316 491.84866
1317 489.46008
1318 487.00967
1319 486.78305
1320 471.569
1321 445.2971
1322 284.3595
1323 279.08218
1324 276.2857
1325 268.134
1326 268.134
1327 268.134
1328 268.134
1329 268.134
1330 267.0
1331 267.0
1332 267.0
1333 267.0
1334 267.0
1335 267.0
1336 267.0
1337 267.0
1338 267.0
1339 267.0
1340 267.0
1341 267.0
1342 267.0
1343 267.0
1344 267.0
1345 267.0
1346 267.0
1347 267.0
1348 267.0
1349 267.0
1350 267.0
1351 267.0
1352 81.55277
1353 71.44311
1354 764.134
1355 203.0
1356 267.0
1357 203.0
1358 201.43576
1359 17.433187
1360 204.134
1361 1419.0
1362 0.0
1363 32.0
1364 220.75696
1365 66.09979
1366 267.0
1367 204.134
1368 20.786983
1369 203.0
1370 33.067997
1371 203.0
1372 203.0
1373 201.13264
1374 15.496019
1375 76.5652
1376 1.1340001
1377 131.20343
1378 199.85269
1379 0.0
1380 203.0
1381 180.5333
1382 203.0
1383 268.134
1384 201.866
1385 21.281603
1386 109.32978
1387 69.50845
1388 267.0
1389 267.0
1390 237.36644
1391 761.75507
1392 0.0
1393 7.392684
1394 203.0
1395 203.0
1396 0.0
1397 763.0
1398 6.8508253
1399 763.0
1400 203.0
1401 4096.0
1402 3035.0
1403 1599.5228
1404 1419.0
1405 1419.0
1406 1419.0
1407 1275.0
1408 878.5714
1409 863.0783
1410 774.86536
1411 764.134
1412 764.134
1413 763.0
1414 763.0
1415 763.0
1416 763.0
1417 763.0
1418 763.0
1419 761.75507
1420 687.8412
1421 491.84866
1422 489.46008
1423 487.00967
1424 486.78305
1425 471.569
1426 445.2971
1427 284.3595
1428 279.08218
1429 276.2857
1430 268.134
1431 268.134
1432 268.134
1433 268.134
1434 268.134
1435 268.134
1436 267.0
1437 267.0
1438 267.0
1439 267.0
1440 267.0
1441 267.0
1442 267.0
1443 267.0
1444 267.0
1445 267.0
1446 267.0
1447 267.0
1448 267.0
1449 267.0
1450 267.0
1451 255.08115
1452 267.0
1453 267.0
1454 750.8286
1455 202.06398
1456 203.0
1457 237.11821
1458 838.9383
1459 204.134
1460 182.52826
1461 31.466
1462 203.0
1463 763.0
1464 50.197563
1465 203.0
1466 203.0
1467 203.0
1468 203.0
1469 203.0
1470 201.866
1471 461.6048
1472 218.76338
1473 203.0
1474 4.13927
1475 176.3633
1476 30.866
1477 0.0
1478 30.866
1479 763.0
1480 186.6461
1481 203.0
1482 267.0
1483 204.134
1484 203.0
1485 477.05603
1486 763.0
1487 1272.9791
1488 103.86703
1489 764.134
1490 203.0
1491 252.03407
1492 136.96553
1493 203.0
1494 2795.0
1495 228.10818
1496 203.0
1497 203.0
1498 203.0
1499 29.730366
1500 198.18262
