1 283.0
2 283.0
3 25.246058
4 33.134
5 33.134
6 283.22104
7 1.1340001
8 82.31615
9 0.0
10 24.785366
11 299.0
12 45.229263
13 0.0
14 0.0
15 283.0
16 39.074078
17 30.866
18 71.53666
19 0.0
20 142.2568
21 33.186275
22 283.0
23 36.289005
24 25.149174
25 1.1340001
26 0.0
27 0.0
28 30.866
29 283.0
30 0.0
31 32.0
32 49.285866
33 0.0
34 37.48063
35 14.232658
36 76.64795
37 14.479365
38 29.545256
39 0.0
40 267.79288
41 32.0
42 0.0
43 0.0
44 44.303658
45 25.385368
46 26.519367
47 38.61463
48 30.866
49 34.478348
50 38.61463
51 0.0
52 132.64917
53 11.968375
54 0.0
55 0.0
56 135.4915
57 30.866
58 30.679255
59 120.543434
60 283.0
61 283.0
62 0.0
63 13.580137
64 0.0
65 284.134
66 283.0
67 0.0
68 0.0
69 0.0
70 34.268
71 290.98483
72 587.0
73 283.0
74 0.0
75 0.0
76 0.0
77 25.385368
78 20.01105
79 71.35531
80 32.0
81 283.0
82 98.682686
83 38.61463
84 25.385368
85 114.766464
86 0.0
87 284.134
88 256.43024
89 24.067451
90 38.61463
91 76.64795
92 0.0
93 33.134
94 26.519367
95 33.134
96 142.22624
97 33.134
98 25.385368
99 1.1340001
100 299.0
101 587.0
102 299.0
103 299.0
104 290.98483
105 284.134
106 284.134
107 283.22104
108 283.0
109 283.0
110 283.0
111 283.0
112 283.0
113 283.0
114 283.0
115 283.0
116 283.0
117 283.0
118 267.79288
119 256.43024
120 142.2568
121 142.22624
122 135.4915
123 132.64917
124 120.543434
125 114.766464
126 98.682686
127 82.31615
128 76.64795
129 76.64795
130 71.53666
131 71.35531
132 49.285866
133 45.229263
134 44.303658
135 39.074078
136 38.61463
137 38.61463
138 38.61463
139 38.61463
140 37.48063
141 36.289005
142 34.478348
143 34.268
144 33.186275
145 33.134
146 33.134
147 33.134
148 33.134
149 33.134
150 32.0
151 136.84512
152 299.0
153 270.68185
154 0.0
155 25.683987
156 273.20483
157 30.866
158 109.40284
159 299.0
160 299.0
161 31.4
162 299.0
163 158.7161
164 436.6789
165 30.866
166 300.134
167 45.229263
168 175.18689
169 0.0
170 0.0
171 147.72139
172 39.935375
173 253.78285
174 136.9736
175 214.55763
176 267.79617
177 30.679255
178 136.92737
179 25.385368
180 0.0
181 82.273895
182 55.093555
183 25.414562
184 6.6146307
185 0.0
186 98.748245
187 30.866
188 114.94915
189 0.0
190 33.2
191 0.0
192 6.6146307
193 20.031622
194 0.0
195 0.0
196 44.11656
197 33.134
198 87.83678
199 0.0
200 33.733997
201 587.0
202 436.6789
203 300.134
204 299.0
205 299.0
206 299.0
207 299.0
208 299.0
209 299.0
210 290.98483
211 284.134
212 284.134
213 283.22104
214 283.0
215 283.0
216 283.0
217 283.0
218 283.0
219 283.0
220 283.0
221 283.0
222 283.0
223 283.0
224 273.20483
225 270.68185
226 267.79617
227 267.79288
228 256.43024
229 253.78285
230 214.55763
231 175.18689
232 158.7161
233 147.72139
234 142.2568
235 142.22624
236 136.9736
237 136.92737
238 136.84512
239 135.4915
240 132.64917
241 120.543434
242 114.94915
243 114.766464
244 109.40284
245 98.748245
246 98.682686
247 87.83678
248 82.31615
249 82.273895
250 76.64795
251 185.85135
252 147.59357
253 56.098324
254 32.0
255 121.36895
256 202.03304
257 0.0
258 283.0
259 284.134
260 283.0
261 33.320744
262 278.86
263 283.0
264 33.134
265 93.30978
266 103.92357
267 104.07178
268 153.07104
269 147.54672
270 30.866
271 19.86285
272 33.134
273 0.0
274 38.61463
275 34.267998
276 283.0
277 0.0
278 311.367
279 283.0
280 30.866
281 55.900074
282 45.229263
283 50.419865
284 0.0
285 131.10742
286 25.149174
287 0.0
288 136.84514
289 33.134
290 218.37325
291 27.65337
292 284.134
293 0.0
294 120.56216
295 98.748245
296 283.0
297 30.866
298 33.2
299 29.731998
300 76.90178
301 587.0
302 436.6789
303 311.367
304 300.134
305 299.0
306 299.0
307 299.0
308 299.0
309 299.0
310 299.0
311 290.98483
312 284.134
313 284.134
314 284.134
315 284.134
316 283.22104
317 283.0
318 283.0
319 283.0
320 283.0
321 283.0
322 283.0
323 283.0
324 283.0
325 283.0
326 283.0
327 283.0
328 283.0
329 283.0
330 283.0
331 283.0
332 283.0
333 278.86
334 273.20483
335 270.68185
336 267.79617
337 267.79288
338 256.43024
339 253.78285
340 218.37325
341 214.55763
342 202.03304
343 185.85135
344 175.18689
345 158.7161
346 153.07104
347 147.72139
348 147.59357
349 147.54672
350 142.2568
351 283.0
352 218.84042
353 282.6844
354 347.0
355 25.385368
356 76.56081
357 299.0
358 93.37531
359 136.63759
360 38.760612
361 283.0
362 43.968376
363 283.0
364 142.49617
365 32.0
366 0.0
367 0.0
368 25.385368
369 283.0
370 347.0
371 283.0
372 283.0
373 0.0
374 87.68108
375 37.41463
376 32.897808
377 0.0
378 109.51702
379 347.0
380 283.0
381 93.020966
382 67.030365
383 153.2265
384 283.0
385 299.0
386 283.0
387 104.25481
388 0.0
389 226.47032
390 283.0
391 227.12071
392 120.646355
393 120.632095
394 246.66609
395 27.522738
396 283.0
397 147.47713
398 125.821495
399 54.00371
400 142.01376
401 587.0
402 436.6789
403 347.0
404 347.0
405 347.0
406 311.367
407 300.134
408 299.0
409 299.0
410 299.0
411 299.0
412 299.0
413 299.0
414 299.0
415 299.0
416 290.98483
417 284.134
418 284.134
419 284.134
420 284.134
421 283.22104
422 283.0
423 283.0
424 283.0
425 283.0
426 283.0
427 283.0
428 283.0
429 283.0
430 283.0
431 283.0
432 283.0
433 283.0
434 283.0
435 283.0
436 283.0
437 283.0
438 283.0
439 283.0
440 283.0
441 283.0
442 283.0
443 283.0
444 283.0
445 283.0
446 283.0
447 283.0
448 283.0
449 282.6844
450 278.86
451 299.0
452 131.22171
453 347.0
454 136.80841
455 299.0
456 299.0
457 295.08615
458 234.48994
459 283.0
460 93.316986
461 274.08157
462 0.0
463 283.0
464 1.973268
465 32.40926
466 60.655266
467 55.900497
468 98.43322
469 273.0961
470 38.61463
471 24.785366
472 43.988956
473 71.55674
474 120.675644
475 49.72958
476 98.48141
477 17.729578
478 149.81276
479 283.0
480 0.0
481 25.385368
482 0.0
483 25.149174
484 284.134
485 32.0
486 283.0
487 299.0
488 273.07855
489 284.134
490 0.0
491 31.03619
492 109.5523
493 63.96197
494 147.9142
495 284.134
496 136.63828
497 587.0
498 283.0
499 0.0
500 49.546772
501 587.0
502 587.0
503 436.6789
504 347.0
505 347.0
506 347.0
507 347.0
508 311.367
509 300.134
510 299.0
511 299.0
512 299.0
513 299.0
514 299.0
515 299.0
516 299.0
517 299.0
518 299.0
519 299.0
520 299.0
521 299.0
522 295.08615
523 290.98483
524 284.134
525 284.134
526 284.134
527 284.134
528 284.134
529 284.134
530 284.134
531 283.22104
532 283.0
533 283.0
534 283.0
535 283.0
536 283.0
537 283.0
538 283.0
539 283.0
540 283.0
541 283.0
542 283.0
543 283.0
544 283.0
545 283.0
546 283.0
547 283.0
548 283.0
549 283.0
550 283.0
551 87.65946
552 267.7389
553 283.0
554 109.63898
555 147.95432
556 104.00625
557 299.0
558 283.0
559 299.0
560 0.0
561 283.0
562 153.07613
563 1.1340001
564 6.8508253
565 299.0
566 267.6925
567 651.0
568 283.0
569 283.0
570 587.0
571 33.134
572 71.48957
573 45.229263
574 283.0
575 25.385368
576 284.134
577 283.0
578 299.0
579 15.346436
580 333.69818
581 283.0
582 299.0
583 278.55106
584 87.594315
585 76.77639
586 283.0
587 126.11712
588 283.0
589 19.86285
590 0.0
591 299.0
592 71.40239
593 0.0
594 283.0
595 283.0
596 283.0
597 283.0
598 283.0
599 284.134
600 0.0
601 651.0
602 587.0
603 587.0
604 587.0
605 436.6789
606 347.0
607 347.0
608 347.0
609 347.0
610 333.69818
611 311.367
612 300.134
613 299.0
614 299.0
615 299.0
616 299.0
617 299.0
618 299.0
619 299.0
620 299.0
621 299.0
622 299.0
623 299.0
624 299.0
625 299.0
626 299.0
627 299.0
628 299.0
629 299.0
630 299.0
631 295.08615
632 290.98483
633 284.134
634 284.134
635 284.134
636 284.134
637 284.134
638 284.134
639 284.134
640 284.134
641 284.134
642 283.22104
643 283.0
644 283.0
645 283.0
646 283.0
647 283.0
648 283.0
649 283.0
650 283.0
651 87.51967
652 33.134
653 283.0
654 283.0
655 93.23611
656 93.30167
657 299.0
658 33.134
659 283.0
660 312.77155
661 0.0
662 32.065998
663 43.988956
664 283.0
665 300.134
666 77.77043
667 115.127396
668 347.0
669 283.0
670 30.866
671 283.0
672 283.0
673 61.6526
674 92.94478
675 33.134
676 169.70578
677 299.0
678 283.0
679 142.21886
680 0.0
681 283.9707
682 587.0
683 284.134
684 234.46994
685 33.2
686 314.61014
687 283.0
688 283.0
689 32.0
690 283.0
691 283.0
692 93.21082
693 347.0
694 283.0
695 1.1340001
696 32.0
697 104.13332
698 82.283005
699 136.78586
700 283.0
701 651.0
702 587.0
703 587.0
704 587.0
705 587.0
706 436.6789
707 347.0
708 347.0
709 347.0
710 347.0
711 347.0
712 347.0
713 333.69818
714 314.61014
715 312.77155
716 311.367
717 300.134
718 300.134
719 299.0
720 299.0
721 299.0
722 299.0
723 299.0
724 299.0
725 299.0
726 299.0
727 299.0
728 299.0
729 299.0
730 299.0
731 299.0
732 299.0
733 299.0
734 299.0
735 299.0
736 299.0
737 299.0
738 299.0
739 295.08615
740 290.98483
741 284.134
742 284.134
743 284.134
744 284.134
745 284.134
746 284.134
747 284.134
748 284.134
749 284.134
750 284.134
751 347.0
752 0.0
753 283.0
754 38.61463
755 169.58366
756 0.0
757 240.83537
758 299.0
759 38.850822
760 300.134
761 87.60242
762 98.682686
763 283.0
764 300.134
765 283.0
766 0.0
767 26.519367
768 347.0
769 280.91547
770 283.0
771 283.0
772 30.866
773 28.423096
774 251.20723
775 0.0
776 163.93967
777 347.0
778 347.0
779 109.57333
780 283.0
781 324.92502
782 283.0
783 98.682686
784 125.78187
785 276.38538
786 283.0
787 348.134
788 241.3641
789 299.0
790 283.0
791 34.38628
792 283.0
793 283.0
794 283.0
795 131.1241
796 507.0
797 299.0
798 0.0
799 284.134
800 243.7654
801 651.0
802 587.0
803 587.0
804 587.0
805 587.0
806 507.0
807 436.6789
808 348.134
809 347.0
810 347.0
811 347.0
812 347.0
813 347.0
814 347.0
815 347.0
816 347.0
817 347.0
818 347.0
819 333.69818
820 324.92502
821 314.61014
822 312.77155
823 311.367
824 300.134
825 300.134
826 300.134
827 300.134
828 299.0
829 299.0
830 299.0
831 299.0
832 299.0
833 299.0
834 299.0
835 299.0
836 299.0
837 299.0
838 299.0
839 299.0
840 299.0
841 299.0
842 299.0
843 299.0
844 299.0
845 299.0
846 299.0
847 299.0
848 299.0
849 299.0
850 299.0
851 284.134
852 300.134
853 43.00452
854 136.55632
855 0.0
856 347.0
857 82.06668
858 283.0
859 49.65253
860 283.0
861 283.0
862 93.37098
863 92.93671
864 3.368294
865 283.0
866 347.0
867 183.18158
868 282.98218
869 5.730806
870 0.0
871 283.0
872 283.0
873 0.0
874 278.5457
875 114.99061
876 150.25247
877 0.0
878 259.77475
879 283.0
880 283.0
881 49.451633
882 82.1477
883 587.0
884 82.15272
885 29.665998
886 283.0
887 283.0
888 795.0
889 278.81525
890 268.55353
891 299.0
892 30.866
893 284.134
894 33.134
895 347.0
896 147.8619
897 283.0
898 49.285866
899 299.0
900 40.171566
901 795.0
902 651.0
903 587.0
904 587.0
905 587.0
906 587.0
907 587.0
908 507.0
909 436.6789
910 348.134
911 347.0
912 347.0
913 347.0
914 347.0
915 347.0
916 347.0
917 347.0
918 347.0
919 347.0
920 347.0
921 347.0
922 347.0
923 347.0
924 333.69818
925 324.92502
926 314.61014
927 312.77155
928 311.367
929 300.134
930 300.134
931 300.134
932 300.134
933 300.134
934 299.0
935 299.0
936 299.0
937 299.0
938 299.0
939 299.0
940 299.0
941 299.0
942 299.0
943 299.0
944 299.0
945 299.0
946 299.0
947 299.0
948 299.0
949 299.0
950 299.0
951 283.0
952 284.134
953 0.0
954 299.0
955 13.348496
956 347.0
957 283.0
958 283.0
959 283.0
960 300.134
961 347.0
962 283.0
963 98.52529
964 153.07613
965 39.74863
966 343.54932
967 283.0
968 283.0
969 267.77066
970 283.0
971 158.69907
972 180.3962
973 283.0
974 284.134
975 284.134
976 0.0
977 326.44736
978 283.0
979 347.0
980 126.0679
981 300.134
982 60.575424
983 348.134
984 283.0
985 299.0
986 284.134
987 158.7161
988 43.834427
989 299.0
990 169.72629
991 126.05685
992 278.46024
993 82.35664
994 283.0
995 299.0
996 587.0
997 347.0
998 2.572163
999 273.17932
1000 0.0
1001 795.0
1002 651.0
1003 587.0
1004 587.0
1005 587.0
1006 587.0
1007 587.0
1008 587.0
1009 507.0
1010 436.6789
1011 348.134
1012 348.134
1013 347.0
1014 347.0
1015 347.0
1016 347.0
1017 347.0
1018 347.0
1019 347.0
1020 347.0
1021 347.0
1022 347.0
1023 347.0
1024 347.0
1025 347.0
1026 347.0
1027 347.0
1028 347.0
1029 347.0
1030 343.54932
1031 333.69818
1032 326.44736
1033 324.92502
1034 314.61014
1035 312.77155
1036 311.367
1037 300.134
1038 300.134
1039 300.134
1040 300.134
1041 300.134
1042 300.134
1043 300.134
1044 299.0
1045 299.0
1046 299.0
1047 299.0
1048 299.0
1049 299.0
1050 299.0
1051 299.0
1052 120.49103
1053 283.0
1054 125.70735
1055 587.0
1056 273.90253
1057 283.0
1058 241.17393
1059 283.0
1060 30.866
1061 65.7129
1062 283.0
1063 306.96347
1064 347.0
1065 0.0
1066 347.0
1067 347.0
1068 347.0
1069 283.0
1070 87.51967
1071 0.0
1072 258.01312
1073 283.0
1074 283.0
1075 0.0
1076 283.0
1077 283.0
1078 299.0
1079 651.0
1080 49.594955
1081 6.8368654
1082 55.71046
1083 142.41333
1084 283.0
1085 236.30304
1086 39.98482
1087 146.6312
1088 283.0
1089 71.38899
1090 0.0
1091 283.0
1092 271.09958
1093 147.6182
1094 238.32466
1095 109.44568
1096 153.40892
1097 283.0
1098 158.37961
1099 115.19866
1100 587.0
1101 795.0
1102 651.0
1103 651.0
1104 587.0
1105 587.0
1106 587.0
1107 587.0
1108 587.0
1109 587.0
1110 587.0
1111 587.0
1112 507.0
1113 436.6789
1114 348.134
1115 348.134
1116 347.0
1117 347.0
1118 347.0
1119 347.0
1120 347.0
1121 347.0
1122 347.0
1123 347.0
1124 347.0
1125 347.0
1126 347.0
1127 347.0
1128 347.0
1129 347.0
1130 347.0
1131 347.0
1132 347.0
1133 347.0
1134 347.0
1135 347.0
1136 347.0
1137 343.54932
1138 333.69818
1139 326.44736
1140 324.92502
1141 314.61014
1142 312.77155
1143 311.367
1144 306.96347
1145 300.134
1146 300.134
1147 300.134
1148 300.134
1149 300.134
1150 300.134
1151 115.19866
1152 283.0
1153 71.276924
1154 283.0
1155 81.85812
1156 43.968376
1157 10.421588
1158 279.65115
1159 347.0
1160 237.22206
1161 283.0
1162 283.0
1163 284.134
1164 300.134
1165 299.0
1166 283.0
1167 283.0
1168 25.385368
1169 283.0
1170 283.0
1171 347.0
1172 299.0
1173 120.51656
1174 169.42093
1175 347.0
1176 271.84918
1177 283.0
1178 77.71569
1179 34.334
1180 283.0
1181 90.4996
1182 93.61731
1183 283.0
1184 98.682686
1185 299.0
1186 169.76633
1187 50.825794
1188 2.868
1189 283.0
1190 299.0
1191 283.0
1192 283.0
1193 9.567862
1194 283.0
1195 283.0
1196 147.84251
1197 283.0
1198 245.1404
1199 347.0
1200 164.83284
1201 795.0
1202 651.0
1203 651.0
1204 587.0
1205 587.0
1206 587.0
1207 587.0
1208 587.0
1209 587.0
1210 587.0
1211 587.0
1212 507.0
1213 436.6789
1214 348.134
1215 348.134
1216 347.0
1217 347.0
1218 347.0
1219 347.0
1220 347.0
1221 347.0
1222 347.0
1223 347.0
1224 347.0
1225 347.0
1226 347.0
1227 347.0
1228 347.0
1229 347.0
1230 347.0
1231 347.0
1232 347.0
1233 347.0
1234 347.0
1235 347.0
1236 347.0
1237 347.0
1238 347.0
1239 347.0
1240 347.0
1241 343.54932
1242 333.69818
1243 326.44736
1244 324.92502
1245 314.61014
1246 312.77155
1247 311.367
1248 306.96347
1249 300.134
1250 300.134
1251 299.0
1252 347.0
1253 145.21938
1254 283.0
1255 283.0
1256 347.0
1257 283.0
1258 238.90987
1259 283.0
1260 587.0
1261 169.37982
1262 347.0
1263 283.0
1264 283.0
1265 284.134
1266 283.0
1267 25.385368
1268 257.82928
1269 98.682686
1270 299.0
1271 283.0
1272 587.0
1273 484.0
1274 299.0
1275 33.134
1276 104.01987
1277 347.0
1278 278.6449
1279 66.80767
1280 0.0
1281 587.0
1282 98.682686
1283 82.32792
1284 587.0
1285 0.0
1286 246.26505
1287 283.0
1288 347.0
1289 283.0
1290 283.0
1291 348.134
1292 283.066
1293 6.6146307
1294 299.0
1295 283.0
1296 283.0
1297 43.0627
1298 300.134
1299 0.0
1300 93.37531
1301 795.0
1302 651.0
1303 651.0
1304 587.0
1305 587.0
1306 587.0
1307 587.0
1308 587.0
1309 587.0
1310 587.0
1311 587.0
1312 587.0
1313 587.0
1314 587.0
1315 587.0
1316 507.0
1317 484.0
1318 436.6789
1319 348.134
1320 348.134
1321 348.134
1322 347.0
1323 347.0
1324 347.0
1325 347.0
1326 347.0
1327 347.0
1328 347.0
1329 347.0
1330 347.0
1331 347.0
1332 347.0
1333 347.0
1334 347.0
1335 347.0
1336 347.0
1337 347.0
1338 347.0
1339 347.0
1340 347.0
1341 347.0
1342 347.0
1343 347.0
1344 347.0
1345 347.0
1346 347.0
1347 347.0
1348 347.0
1349 347.0
1350 347.0
1351 284.134
1352 283.0
1353 76.85052
1354 347.0
1355 299.0
1356 283.0
1357 283.0
1358 283.0
1359 283.0
1360 283.0
1361 508.134
1362 283.0
1363 136.82353
1364 286.76398
1365 283.0
1366 283.0
1367 283.0
1368 92.94478
1369 299.0
1370 343.63214
1371 0.0
1372 283.0
1373 283.0
1374 147.62897
1375 36.58282
1376 267.7447
1377 283.0
1378 125.69115
1379 299.0
1380 37.716824
1381 275.844
1382 283.0
1383 149.57834
1384 347.0
1385 60.193043
1386 283.0
1387 283.0
1388 334.95944
1389 93.16249
1390 283.0
1391 180.3962
1392 158.43158
1393 283.0
1394 971.0
1395 49.285866
1396 299.0
1397 414.84222
1398 347.0
1399 299.0
1400 347.0
1401 971.0
1402 795.0
1403 651.0
1404 651.0
1405 587.0
1406 587.0
1407 587.0
1408 587.0
1409 587.0
1410 587.0
1411 587.0
1412 587.0
1413 587.0
1414 587.0
1415 587.0
1416 587.0
1417 508.134
1418 507.0
1419 484.0
1420 436.6789
1421 414.84222
1422 348.134
1423 348.134
1424 348.134
1425 347.0
1426 347.0
1427 347.0
1428 347.0
1429 347.0
1430 347.0
1431 347.0
1432 347.0
1433 347.0
1434 347.0
1435 347.0
1436 347.0
1437 347.0
1438 347.0
1439 347.0
1440 347.0
1441 347.0
1442 347.0
1443 347.0
1444 347.0
1445 347.0
1446 347.0
1447 347.0
1448 347.0
1449 347.0
1450 347.0
1451 587.0
1452 109.67647
1453 126.12233
1454 256.76947
1455 60.428356
1456 299.0
1457 347.0
1458 1195.0
1459 104.244194
1460 283.0
1461 299.0
1462 299.0
1463 283.0
1464 26.58537
1465 347.0
1466 283.0
1467 283.0
1468 59.90866
1469 163.96921
1470 115.19453
1471 0.0
1472 261.63004
1473 284.134
1474 26.67369
1475 98.699455
1476 283.0
1477 283.0
1478 283.0
1479 299.0
1480 283.0
1481 283.0
1482 213.28671
1483 48.417404
1484 284.134
1485 98.682686
1486 283.0
1487 283.0
1488 196.83696
1489 283.0
1490 248.71266
1491 283.0
1492 104.18203
1493 180.27519
1494 115.10212
1495 284.134
1496 0.0
1497 296.82343
1498 283.0
1499 299.0
1500 283.0
1501 1195.0
1502 971.0
1503 795.0
1504 651.0
1505 651.0
1506 587.0
1507 587.0
1508 587.0
1509 587.0
1510 587.0
1511 587.0
1512 587.0
1513 587.0
1514 587.0
1515 587.0
1516 587.0
1517 587.0
1518 587.0
1519 508.134
1520 507.0
1521 484.0
1522 436.6789
1523 414.84222
1524 348.134
1525 348.134
1526 348.134
1527 347.0
1528 347.0
1529 347.0
1530 347.0
1531 347.0
1532 347.0
1533 347.0
1534 347.0
1535 347.0
1536 347.0
1537 347.0
1538 347.0
1539 347.0
1540 347.0
1541 347.0
1542 347.0
1543 347.0
1544 347.0
1545 347.0
1546 347.0
1547 347.0
1548 347.0
1549 347.0
1550 347.0
1551 181.81982
1552 300.134
1553 142.49973
1554 347.0
1555 284.134
1556 283.0
1557 196.73834
1558 283.0
1559 125.90468
1560 283.0
1561 333.1899
1562 283.0
1563 651.0
1564 299.0
1565 299.0
1566 283.0
1567 105.71947
1568 284.134
1569 283.0
1570 38.850822
1571 299.0
1572 34.267998
1573 347.0
1574 299.0
1575 0.0
1576 22.29312
1577 283.0
1578 300.134
1579 347.0
1580 267.73764
1581 283.0
1582 283.0
1583 283.0
1584 347.0
1585 347.0
1586 229.69029
1587 93.37531
1588 169.76094
1589 283.0
1590 283.0
1591 587.0
1592 587.0
1593 42.671234
1594 283.0
1595 283.0
1596 175.2052
1597 299.0
1598 283.55652
1599 54.700497
1600 347.0
1601 1195.0
1602 971.0
1603 795.0
1604 651.0
1605 651.0
1606 651.0
1607 587.0
1608 587.0
1609 587.0
1610 587.0
1611 587.0
1612 587.0
1613 587.0
1614 587.0
1615 587.0
1616 587.0
1617 587.0
1618 587.0
1619 587.0
1620 587.0
1621 587.0
1622 508.134
1623 507.0
1624 484.0
1625 436.6789
1626 414.84222
1627 348.134
1628 348.134
1629 348.134
1630 347.0
1631 347.0
1632 347.0
1633 347.0
1634 347.0
1635 347.0
1636 347.0
1637 347.0
1638 347.0
1639 347.0
1640 347.0
1641 347.0
1642 347.0
1643 347.0
1644 347.0
1645 347.0
1646 347.0
1647 347.0
1648 347.0
1649 347.0
1650 347.0
1651 71.44491
1652 233.22574
1653 283.0
1654 283.0
1655 93.32424
1656 587.0
1657 169.74919
1658 795.0
1659 22.166847
1660 283.0
1661 1195.0
1662 31.173256
1663 283.0
1664 299.0
1665 283.0
1666 348.134
1667 321.0127
1668 283.0
1669 299.0
1670 280.34012
1671 283.0
1672 283.0
1673 299.0
1674 125.950485
1675 283.0
1676 109.27922
1677 284.134
1678 11.9027195
1679 87.790565
1680 71.507256
1681 347.0
1682 283.0
1683 283.0
1684 0.0
1685 299.0
1686 587.0
1687 283.0
1688 347.0
1689 283.0
1690 347.0
1691 283.0
1692 283.0
1693 283.0
1694 348.134
1695 180.25621
1696 163.85295
1697 267.6801
1698 283.0
1699 283.0
1700 283.0
1701 1195.0
1702 1195.0
1703 971.0
1704 795.0
1705 795.0
1706 651.0
1707 651.0
1708 651.0
1709 587.0
1710 587.0
1711 587.0
1712 587.0
1713 587.0
1714 587.0
1715 587.0
1716 587.0
1717 587.0
1718 587.0
1719 587.0
1720 587.0
1721 587.0
1722 587.0
1723 587.0
1724 587.0
1725 587.0
1726 508.134
1727 507.0
1728 484.0
1729 436.6789
1730 414.84222
1731 348.134
1732 348.134
1733 348.134
1734 348.134
1735 348.134
1736 347.0
1737 347.0
1738 347.0
1739 347.0
1740 347.0
1741 347.0
1742 347.0
1743 347.0
1744 347.0
1745 347.0
1746 347.0
1747 347.0
1748 347.0
1749 347.0
1750 347.0
1751 249.32571
1752 246.12946
1753 270.96036
1754 169.6173
1755 283.0
1756 508.134
1757 347.0
1758 299.0
1759 283.0
1760 283.0
1761 283.0
1762 213.26775
1763 299.0
1764 283.0
1765 6.6146307
1766 283.0
1767 283.0
1768 299.0
1769 104.17612
1770 1643.0
1771 299.0
1772 234.91254
1773 298.52475
1774 142.14732
1775 299.0
1776 283.0
1777 283.0
1778 273.15024
1779 102.80152
1780 369.9887
1781 283.0
1782 12.264763
1783 30.866
1784 142.40974
1785 299.0
1786 59.196243
1787 299.0
1788 347.0
1789 431.27985
1790 299.0
1791 347.0
1792 256.58624
1793 283.0
1794 347.0
1795 971.0
1796 109.50067
1797 284.134
1798 347.0
1799 283.0
1800 299.0
1801 1643.0
1802 1195.0
1803 1195.0
1804 971.0
1805 971.0
1806 795.0
1807 795.0
1808 651.0
1809 651.0
1810 651.0
1811 587.0
1812 587.0
1813 587.0
1814 587.0
1815 587.0
1816 587.0
1817 587.0
1818 587.0
1819 587.0
1820 587.0
1821 587.0
1822 587.0
1823 587.0
1824 587.0
1825 587.0
1826 587.0
1827 587.0
1828 508.134
1829 508.134
1830 507.0
1831 484.0
1832 436.6789
1833 431.27985
1834 414.84222
1835 369.9887
1836 348.134
1837 348.134
1838 348.134
1839 348.134
1840 348.134
1841 347.0
1842 347.0
1843 347.0
1844 347.0
1845 347.0
1846 347.0
1847 347.0
1848 347.0
1849 347.0
1850 347.0
1851 1211.0
1852 169.44147
1853 283.0
1854 587.0
1855 283.0
1856 283.0
1857 142.3024
1858 347.0
1859 262.4583
1860 65.89667
1861 169.5441
1862 283.0
1863 180.3962
1864 299.0
1865 386.36688
1866 283.0
1867 283.0
1868 347.0
1869 87.78104
1870 299.0
1871 299.0
1872 261.48492
1873 153.00616
1874 299.0
1875 87.93979
1876 299.0
1877 299.0
1878 0.0
1879 283.0
1880 283.0
1881 0.0
1882 89.06426
1883 32.0
1884 299.0
1885 369.9887
1886 284.134
1887 225.24416
1888 416.27408
1889 32.0
1890 169.6173
1891 256.55814
1892 299.0
1893 347.0
1894 283.0
1895 283.0
1896 283.0
1897 284.134
1898 348.134
1899 283.0
1900 45.889458
1901 1643.0
1902 1211.0
1903 1195.0
1904 1195.0
1905 971.0
1906 971.0
1907 795.0
1908 795.0
1909 651.0
1910 651.0
1911 651.0
1912 587.0
1913 587.0
1914 587.0
1915 587.0
1916 587.0
1917 587.0
1918 587.0
1919 587.0
1920 587.0
1921 587.0
1922 587.0
1923 587.0
1924 587.0
1925 587.0
1926 587.0
1927 587.0
1928 587.0
1929 587.0
1930 508.134
1931 508.134
1932 507.0
1933 484.0
1934 436.6789
1935 431.27985
1936 416.27408
1937 414.84222
1938 386.36688
1939 369.9887
1940 369.9887
1941 348.134
1942 348.134
1943 348.134
1944 348.134
1945 348.134
1946 348.134
1947 347.0
1948 347.0
1949 347.0
1950 347.0
1951 103.87251
1952 283.0
1953 180.68022
1954 1179.0
1955 299.0
1956 82.273895
1957 93.30978
1958 587.0
1959 98.682686
1960 347.0
1961 347.0
1962 299.0
1963 48.320633
1964 882.5079
1965 651.0
1966 1195.0
1967 299.0
1968 49.520634
1969 299.0
1970 283.0
1971 283.0
1972 283.0
1973 297.61255
1974 340.38538
1975 347.0
1976 299.0
1977 283.0
1978 125.90677
1979 0.0
1980 283.0
1981 573.4077
1982 39.74863
1983 0.0
1984 58.447796
1985 284.134
1986 273.3751
1987 115.13497
1988 104.127144
1989 283.0
1990 283.0
1991 300.134
1992 283.0
1993 651.0
1994 300.134
1995 300.134
1996 153.34703
1997 283.0
1998 299.0
1999 347.0
2000 283.0
2001 1643.0
2002 1211.0
2003 1195.0
2004 1195.0
2005 1195.0
2006 1179.0
2007 971.0
2008 971.0
2009 882.5079
2010 795.0
2011 795.0
2012 651.0
2013 651.0
2014 651.0
2015 651.0
2016 651.0
2017 587.0
2018 587.0
2019 587.0
2020 587.0
2021 587.0
2022 587.0
2023 587.0
2024 587.0
2025 587.0
2026 587.0
2027 587.0
2028 587.0
