1 6.8508253
2 0.0
3 87.92974
4 0.0
5 25.385368
6 43.988956
7 158.85446
8 0.0
9 25.149174
10 11.988956
11 196.44453
12 12.155465
13 0.0
14 32.897808
15 12.845515
16 103.86703
17 0.0
18 0.0
19 0.0
20 25.385368
21 0.0
22 38.61463
23 31.934
24 6.6146307
25 0.0
26 25.385368
27 32.0
28 39.98482
29 0.0
30 43.988956
31 0.0
32 0.0
33 0.0
34 32.0
35 34.38628
36 203.0
37 138.69025
38 33.134
39 0.0
40 0.0
41 103.86703
42 0.0
43 32.0
44 0.0
45 203.0
46 38.61463
47 56.07612
48 44.155464
49 0.0
50 38.61463
51 32.0
52 0.0
53 25.149174
54 0.0
55 38.61463
56 202.49287
57 0.0
58 0.0
59 137.0198
60 55.127834
61 93.218925
62 0.0
63 0.0
64 185.63705
65 0.0
66 0.0
67 0.0
68 0.0
69 0.0
70 0.0
71 38.61463
72 203.0
73 25.149174
74 18.770737
75 0.0
76 38.61463
77 0.0
78 30.8
79 203.0
80 163.97614
81 0.0
82 82.19268
83 0.0
84 32.0
85 30.866
86 87.904335
87 49.403244
88 203.0
89 19.844534
90 0.0
91 38.61463
92 44.081768
93 30.866
94 8.986866
95 50.60359
96 37.480633
97 33.134
98 38.61463
99 0.0
100 43.988956
101 203.0
102 203.0
103 203.0
104 203.0
105 203.0
106 202.49287
107 196.44453
108 185.63705
109 163.97614
110 158.85446
111 138.69025
112 137.0198
113 103.86703
114 103.86703
115 93.218925
116 87.92974
117 87.904335
118 82.19268
119 56.07612
120 55.127834
121 50.60359
122 49.403244
123 44.155464
124 44.081768
125 43.988956
126 43.988956
127 43.988956
128 39.98482
129 38.61463
130 38.61463
131 38.61463
132 38.61463
133 38.61463
134 38.61463
135 38.61463
136 38.61463
137 37.480633
138 34.38628
139 33.134
140 33.134
141 32.897808
142 32.0
143 32.0
144 32.0
145 32.0
146 32.0
147 31.934
148 30.866
149 30.866
150 30.8
151 109.4081
152 0.0
153 30.265999
154 181.35071
155 203.0
156 203.0
157 0.0
158 114.86509
159 176.24506
160 0.0
161 93.02027
162 8.9285145
163 0.0
164 29.679722
165 164.12155
166 93.29257
167 25.385368
168 0.0
169 25.385368
170 43.968376
171 395.0
172 43.02146
173 44.155464
174 38.49716
175 39.97984
176 144.73154
177 34.268
178 203.0
179 203.0
180 34.084522
181 38.61463
182 25.385368
183 0.0
184 0.0
185 32.0
186 49.285866
187 33.134
188 0.0
189 0.0
190 32.0
191 2.2680001
192 231.19304
193 0.0
194 25.385368
195 203.0
196 33.134
197 202.35747
198 25.385368
199 180.32295
200 24.015173
201 395.0
202 231.19304
203 203.0
204 203.0
205 203.0
206 203.0
207 203.0
208 203.0
209 203.0
210 203.0
211 203.0
212 203.0
213 202.49287
214 202.35747
215 196.44453
216 185.63705
217 181.35071
218 180.32295
219 176.24506
220 164.12155
221 163.97614
222 158.85446
223 144.73154
224 138.69025
225 137.0198
226 114.86509
227 109.4081
228 103.86703
229 103.86703
230 93.29257
231 93.218925
232 93.02027
233 87.92974
234 87.904335
235 82.19268
236 56.07612
237 55.127834
238 50.60359
239 49.403244
240 49.285866
241 44.155464
242 44.155464
243 44.081768
244 43.988956
245 43.988956
246 43.988956
247 43.968376
248 43.02146
249 39.98482
250 39.97984
251 203.0
252 3.806961
253 203.0
254 203.0
255 203.0
256 0.0
257 32.0
258 0.0
259 174.4989
260 25.385368
261 158.50427
262 203.0
263 98.52627
264 186.69069
265 203.0
266 176.68999
267 180.41055
268 114.95766
269 203.0
270 98.52627
271 37.48063
272 34.268
273 33.134
274 34.868
275 7.8647337
276 35.68339
277 0.0
278 38.4189
279 103.86703
280 183.38954
281 203.0
282 98.682686
283 32.0
284 82.441956
285 169.4663
286 0.0
287 120.38946
288 347.0
289 169.68498
290 180.25781
291 158.80496
292 103.91639
293 0.0
294 0.0
295 127.08849
296 28.29705
297 1.1340001
298 33.134
299 30.866
300 203.0
301 395.0
302 347.0
303 231.19304
304 203.0
305 203.0
306 203.0
307 203.0
308 203.0
309 203.0
310 203.0
311 203.0
312 203.0
313 203.0
314 203.0
315 203.0
316 203.0
317 203.0
318 203.0
319 203.0
320 203.0
321 203.0
322 203.0
323 202.49287
324 202.35747
325 196.44453
326 186.69069
327 185.63705
328 183.38954
329 181.35071
330 180.41055
331 180.32295
332 180.25781
333 176.68999
334 176.24506
335 174.4989
336 169.68498
337 169.4663
338 164.12155
339 163.97614
340 158.85446
341 158.80496
342 158.50427
343 144.73154
344 138.69025
345 137.0198
346 127.08849
347 120.38946
348 114.95766
349 114.86509
350 109.4081
351 45.01198
352 283.0
353 42.96126
354 203.0
355 283.0
356 347.0
357 202.35042
358 203.0
359 14.243002
360 98.682686
361 25.149174
362 0.0
363 203.0
364 0.0
365 203.0
366 203.0
367 283.0
368 203.0
369 39.98482
370 0.0
371 131.22275
372 202.1784
373 27.505505
374 50.60359
375 0.0
376 204.134
377 203.0
378 14.714138
379 36.34663
380 6.6146307
381 31.813253
382 180.25781
383 147.82523
384 0.0
385 0.0
386 0.0
387 98.60904
388 0.0
389 191.18942
390 34.334
391 136.69138
392 32.0
393 49.285866
394 32.0
395 0.0
396 130.26738
397 114.87079
398 196.60039
399 29.39304
400 3.2185202
401 395.0
402 347.0
403 347.0
404 283.0
405 283.0
406 283.0
407 231.19304
408 204.134
409 203.0
410 203.0
411 203.0
412 203.0
413 203.0
414 203.0
415 203.0
416 203.0
417 203.0
418 203.0
419 203.0
420 203.0
421 203.0
422 203.0
423 203.0
424 203.0
425 203.0
426 203.0
427 203.0
428 203.0
429 203.0
430 203.0
431 203.0
432 203.0
433 203.0
434 203.0
435 202.49287
436 202.35747
437 202.35042
438 202.1784
439 196.60039
440 196.44453
441 191.18942
442 186.69069
443 185.63705
444 183.38954
445 181.35071
446 180.41055
447 180.32295
448 180.25781
449 180.25781
450 176.68999
451 158.11475
452 43.968376
453 459.0
454 203.0
455 347.0
456 13.766019
457 40.882633
458 202.36641
459 77.979416
460 0.0
461 136.61427
462 203.0
463 203.0
464 174.75449
465 283.0
466 283.0
467 203.0
468 203.0
469 25.385368
470 174.73912
471 203.0
472 395.0
473 203.0
474 203.0
475 203.0
476 203.0
477 203.0
478 0.0
479 191.2617
480 203.0
481 163.9763
482 157.58128
483 0.0
484 0.0
485 12.089838
486 203.0
487 125.91155
488 37.716824
489 34.334
490 34.32811
491 147.64929
492 180.44415
493 203.0
494 203.0
495 32.0
496 109.57686
497 37.480633
498 32.0
499 158.76024
500 203.0
501 459.0
502 395.0
503 395.0
504 347.0
505 347.0
506 347.0
507 283.0
508 283.0
509 283.0
510 283.0
511 283.0
512 231.19304
513 204.134
514 203.0
515 203.0
516 203.0
517 203.0
518 203.0
519 203.0
520 203.0
521 203.0
522 203.0
523 203.0
524 203.0
525 203.0
526 203.0
527 203.0
528 203.0
529 203.0
530 203.0
531 203.0
532 203.0
533 203.0
534 203.0
535 203.0
536 203.0
537 203.0
538 203.0
539 203.0
540 203.0
541 203.0
542 203.0
543 203.0
544 203.0
545 203.0
546 203.0
547 203.0
548 203.0
549 203.0
550 203.0
551 284.134
552 203.0
553 36.353477
554 204.134
555 347.0
556 203.0
557 203.0
558 26.467089
559 283.0
560 204.134
561 283.0
562 17.285864
563 203.0
564 158.85446
565 38.61463
566 30.866
567 10.63273
568 6.8508253
569 203.0
570 0.0
571 201.39073
572 203.0
573 32.0
574 98.748245
575 203.0
576 203.0
577 204.134
578 203.0
579 26.58537
580 202.35904
581 203.0
582 12.99371
583 0.0
584 163.58672
585 203.0
586 169.46179
587 203.0
588 283.0
589 203.0
590 203.0
591 203.0
592 13.416991
593 196.14914
594 204.134
595 155.58362
596 203.0
597 180.32295
598 204.134
599 6.6146307
600 203.0
601 459.0
602 395.0
603 395.0
604 347.0
605 347.0
606 347.0
607 347.0
608 284.134
609 283.0
610 283.0
611 283.0
612 283.0
613 283.0
614 283.0
615 283.0
616 283.0
617 231.19304
618 204.134
619 204.134
620 204.134
621 204.134
622 204.134
623 204.134
624 203.0
625 203.0
626 203.0
627 203.0
628 203.0
629 203.0
630 203.0
631 203.0
632 203.0
633 203.0
634 203.0
635 203.0
636 203.0
637 203.0
638 203.0
639 203.0
640 203.0
641 203.0
642 203.0
643 203.0
644 203.0
645 203.0
646 203.0
647 203.0
648 203.0
649 203.0
650 203.0
651 204.134
652 32.0
653 628.0
654 203.0
655 347.0
656 184.62262
657 125.95437
658 284.134
659 203.0
660 120.195175
661 203.0
662 203.0
663 203.0
664 284.134
665 203.0
666 284.134
667 33.2
668 203.0
669 203.0
670 149.39677
671 6.8508253
672 203.0
673 0.0
674 204.134
675 28.588116
676 203.0
677 173.83049
678 165.00745
679 149.04932
680 203.0
681 0.0
682 0.0
683 67.02875
684 0.0
685 114.82322
686 185.74637
687 203.0
688 203.0
689 45.229263
690 185.8874
691 203.0
692 34.267998
693 284.134
694 203.0
695 203.0
696 204.134
697 203.0
698 82.2678
699 125.887566
700 0.0
701 628.0
702 459.0
703 395.0
704 395.0
705 347.0
706 347.0
707 347.0
708 347.0
709 347.0
710 284.134
711 284.134
712 284.134
713 284.134
714 284.134
715 283.0
716 283.0
717 283.0
718 283.0
719 283.0
720 283.0
721 283.0
722 283.0
723 231.19304
724 204.134
725 204.134
726 204.134
727 204.134
728 204.134
729 204.134
730 204.134
731 204.134
732 204.134
733 203.0
734 203.0
735 203.0
736 203.0
737 203.0
738 203.0
739 203.0
740 203.0
741 203.0
742 203.0
743 203.0
744 203.0
745 203.0
746 203.0
747 203.0
748 203.0
749 203.0
750 203.0
751 0.0
752 395.0
753 875.0
754 203.0
755 225.85687
756 44.494938
757 39.5529
758 203.0
759 220.6088
760 203.0
761 203.0
762 220.47691
763 284.134
764 203.0
765 0.6
766 283.0
767 82.49632
768 203.0
769 348.134
770 104.18197
771 378.57446
772 347.0
773 30.866
774 347.0
775 203.0
776 203.0
777 203.0
778 7.8647346
779 203.0
780 32.0
781 169.50296
782 14.714138
783 203.0
784 25.385368
785 13.188956
786 165.88597
787 204.134
788 30.918278
789 347.0
790 38.61463
791 202.10622
792 0.0
793 147.23903
794 203.0
795 284.134
796 283.0
797 8.892836
798 39.74863
799 0.0
800 203.0
801 875.0
802 628.0
803 459.0
804 395.0
805 395.0
806 395.0
807 378.57446
808 348.134
809 347.0
810 347.0
811 347.0
812 347.0
813 347.0
814 347.0
815 347.0
816 347.0
817 284.134
818 284.134
819 284.134
820 284.134
821 284.134
822 284.134
823 284.134
824 283.0
825 283.0
826 283.0
827 283.0
828 283.0
829 283.0
830 283.0
831 283.0
832 283.0
833 283.0
834 231.19304
835 225.85687
836 220.6088
837 220.47691
838 204.134
839 204.134
840 204.134
841 204.134
842 204.134
843 204.134
844 204.134
845 204.134
846 204.134
847 204.134
848 203.0
849 203.0
850 203.0
851 161.08885
852 32.0
853 114.81887
854 203.0
855 224.43509
856 203.0
857 54.905968
858 185.68613
859 154.38124
860 204.134
861 104.07178
862 5.0150027
863 178.24913
864 186.65593
865 203.0
866 283.0
867 203.0
868 396.134
869 40.81074
870 203.0
871 204.134
872 348.134
873 204.134
874 32.6
875 48.038116
876 204.134
877 0.0
878 98.69901
879 203.0
880 0.0
881 212.42302
882 0.0
883 203.0
884 37.48063
885 203.0
886 120.348885
887 12.137149
888 203.0
889 105.41439
890 347.0
891 0.0
892 191.38882
893 0.0
894 203.0
895 104.28082
896 44.303658
897 1.1340001
898 204.134
899 203.0
900 235.16356
901 875.0
902 628.0
903 459.0
904 396.134
905 395.0
906 395.0
907 395.0
908 378.57446
909 348.134
910 348.134
911 347.0
912 347.0
913 347.0
914 347.0
915 347.0
916 347.0
917 347.0
918 347.0
919 347.0
920 284.134
921 284.134
922 284.134
923 284.134
924 284.134
925 284.134
926 284.134
927 283.0
928 283.0
929 283.0
930 283.0
931 283.0
932 283.0
933 283.0
934 283.0
935 283.0
936 283.0
937 283.0
938 235.16356
939 231.19304
940 225.85687
941 224.43509
942 220.6088
943 220.47691
944 212.42302
945 204.134
946 204.134
947 204.134
948 204.134
949 204.134
950 204.134
951 203.0
952 31.023544
953 204.134
954 348.134
955 203.0
956 104.28599
957 0.0
958 32.0
959 699.0
960 109.66634
961 203.0
962 204.134
963 284.134
964 203.0
965 204.134
966 169.728
967 203.0
968 204.134
969 203.0
970 204.134
971 203.0
972 203.0
973 203.0
974 203.0
975 203.0
976 203.0
977 203.0
978 169.30557
979 21.334383
980 348.134
981 234.83568
982 47.16645
983 44.03862
984 955.0
985 1.1340001
986 207.1755
987 203.0
988 203.0
989 201.866
990 175.02382
991 203.0
992 202.09258
993 204.134
994 203.0
995 203.2148
996 11.988956
997 33.134
998 203.0
999 203.0
1000 204.134
1001 955.0
1002 875.0
1003 699.0
1004 628.0
1005 459.0
1006 396.134
1007 395.0
1008 395.0
1009 395.0
1010 378.57446
1011 348.134
1012 348.134
1013 348.134
1014 348.134
1015 347.0
1016 347.0
1017 347.0
1018 347.0
1019 347.0
1020 347.0
1021 347.0
1022 347.0
1023 347.0
1024 284.134
1025 284.134
1026 284.134
1027 284.134
1028 284.134
1029 284.134
1030 284.134
1031 284.134
1032 283.0
1033 283.0
1034 283.0
1035 283.0
1036 283.0
1037 283.0
1038 283.0
1039 283.0
1040 283.0
1041 283.0
1042 283.0
1043 235.16356
1044 234.83568
1045 231.19304
1046 225.85687
1047 224.43509
1048 220.6088
1049 220.47691
1050 212.42302
1051 460.134
1052 125.97789
1053 347.0
1054 392.35312
1055 955.0
1056 91.862434
1057 283.0
1058 634.1436
1059 153.16237
1060 347.0
1061 203.0
1062 156.14409
1063 147.0273
1064 203.0
1065 203.0
1066 283.0
1067 204.134
1068 203.0
1069 283.0
1070 158.44829
1071 283.0
1072 32.0
1073 283.0
1074 203.0
1075 395.0
1076 395.0
1077 203.0
1078 191.4659
1079 203.0
1080 348.134
1081 395.0
1082 109.468094
1083 1.1340001
1084 157.94386
1085 82.40542
1086 6.8508253
1087 57.01358
1088 169.6173
1089 203.0
1090 131.23776
1091 179.82175
1092 203.0
1093 204.134
1094 100.834045
1095 25.149174
1096 395.0
1097 173.86758
1098 283.0
1099 204.134
1100 283.0
1101 955.0
1102 955.0
1103 875.0
1104 699.0
1105 634.1436
1106 628.0
1107 460.134
1108 459.0
1109 396.134
1110 395.0
1111 395.0
1112 395.0
1113 395.0
1114 395.0
1115 395.0
1116 395.0
1117 392.35312
1118 378.57446
1119 348.134
1120 348.134
1121 348.134
1122 348.134
1123 348.134
1124 347.0
1125 347.0
1126 347.0
1127 347.0
1128 347.0
1129 347.0
1130 347.0
1131 347.0
1132 347.0
1133 347.0
1134 347.0
1135 284.134
1136 284.134
1137 284.134
1138 284.134
1139 284.134
1140 284.134
1141 284.134
1142 284.134
1143 283.0
1144 283.0
1145 283.0
1146 283.0
1147 283.0
1148 283.0
1149 283.0
1150 283.0
1151 284.134
1152 204.134
1153 38.61463
1154 203.0
1155 204.134
1156 0.0
1157 203.0
1158 348.134
1159 203.0
1160 37.716824
1161 203.0
1162 348.134
1163 347.0
1164 395.0
1165 62.527206
1166 347.0
1167 128.59125
1168 78.003395
1169 203.0
1170 203.0
1171 203.0
1172 147.9302
1173 120.613174
1174 284.134
1175 348.134
1176 347.0
1177 283.0
1178 203.0
1179 203.0
1180 66.50912
1181 203.0
1182 203.0
1183 98.66452
1184 98.76906
1185 348.134
1186 203.0
1187 203.0
1188 203.0
1189 113.84474
1190 2.2680001
1191 39.483437
1192 284.134
1193 191.45113
1194 203.0
1195 78.1831
1196 203.0
1197 204.134
1198 0.0
1199 203.0
1200 44.758305
1201 955.0
1202 955.0
1203 875.0
1204 699.0
1205 634.1436
1206 628.0
1207 460.134
1208 459.0
1209 396.134
1210 395.0
1211 395.0
1212 395.0
1213 395.0
1214 395.0
1215 395.0
1216 395.0
1217 395.0
1218 392.35312
1219 378.57446
1220 348.134
1221 348.134
1222 348.134
1223 348.134
1224 348.134
1225 348.134
1226 348.134
1227 348.134
1228 348.134
1229 347.0
1230 347.0
1231 347.0
1232 347.0
1233 347.0
1234 347.0
1235 347.0
1236 347.0
1237 347.0
1238 347.0
1239 347.0
1240 347.0
1241 347.0
1242 347.0
1243 284.134
1244 284.134
1245 284.134
1246 284.134
1247 284.134
1248 284.134
1249 284.134
1250 284.134
1251 395.0
1252 347.0
1253 76.56532
1254 203.0
1255 203.0
1256 203.0
1257 204.134
1258 203.0
1259 203.0
1260 283.0
1261 203.0
1262 202.4
1263 35.351288
1264 0.0
1265 203.0
1266 203.0
1267 459.0
1268 395.0
1269 38.61463
1270 33.134
1271 203.0
1272 203.0
1273 203.0
1274 393.95468
1275 184.83258
1276 204.134
1277 203.0
1278 203.0
1279 203.0
1280 45.084244
1281 395.0
1282 203.0
1283 283.0
1284 6.8508253
1285 395.0
1286 7.8146305
1287 348.134
1288 388.38538
1289 203.0
1290 203.0
1291 203.0
1292 347.0
1293 164.16441
1294 203.0
1295 203.0
1296 203.0
1297 202.2468
1298 283.0
1299 347.0
1300 203.0
1301 955.0
1302 955.0
1303 875.0
1304 699.0
1305 634.1436
1306 628.0
1307 460.134
1308 459.0
1309 459.0
1310 396.134
1311 395.0
1312 395.0
1313 395.0
1314 395.0
1315 395.0
1316 395.0
1317 395.0
1318 395.0
1319 395.0
1320 395.0
1321 395.0
1322 395.0
1323 393.95468
1324 392.35312
1325 388.38538
1326 378.57446
1327 348.134
1328 348.134
1329 348.134
1330 348.134
1331 348.134
1332 348.134
1333 348.134
1334 348.134
1335 348.134
1336 348.134
1337 347.0
1338 347.0
1339 347.0
1340 347.0
1341 347.0
1342 347.0
1343 347.0
1344 347.0
1345 347.0
1346 347.0
1347 347.0
1348 347.0
1349 347.0
1350 347.0
1351 204.134
1352 395.0
1353 61.554317
1354 347.0
1355 268.67514
1356 145.8642
1357 131.21436
1358 153.19499
1359 131.45207
1360 283.0
1361 203.0
1362 395.0
1363 317.4758
1364 203.0
1365 395.0
1366 283.0
1367 204.134
1368 699.0
1369 203.0
1370 46.528427
1371 283.0
1372 203.0
1373 197.9032
1374 150.29611
1375 347.0
1376 30.866
1377 196.14914
1378 203.0
1379 203.0
1380 203.0
1381 203.0
1382 284.134
1383 203.0
1384 203.0
1385 165.26262
1386 283.0
1387 32.0
1388 173.8995
1389 347.0
1390 142.12283
1391 78.132195
1392 188.12871
1393 203.0
1394 204.134
1395 284.134
1396 283.0
1397 203.0
1398 203.0
1399 191.14812
1400 348.134
1401 955.0
1402 955.0
1403 875.0
1404 699.0
1405 699.0
1406 634.1436
1407 628.0
1408 460.134
1409 459.0
1410 459.0
1411 396.134
1412 395.0
1413 395.0
1414 395.0
1415 395.0
1416 395.0
1417 395.0
1418 395.0
1419 395.0
1420 395.0
1421 395.0
1422 395.0
1423 395.0
1424 395.0
1425 395.0
1426 395.0
1427 393.95468
1428 392.35312
1429 388.38538
1430 378.57446
1431 348.134
1432 348.134
1433 348.134
1434 348.134
1435 348.134
1436 348.134
1437 348.134
1438 348.134
1439 348.134
1440 348.134
1441 348.134
1442 347.0
1443 347.0
1444 347.0
1445 347.0
1446 347.0
1447 347.0
1448 347.0
1449 347.0
1450 347.0
1451 209.85086
1452 395.0
1453 210.74863
1454 555.0
1455 283.0
1456 203.0
1457 187.25983
1458 63.453823
1459 131.52972
1460 213.20065
1461 150.22362
1462 203.0
1463 283.0
1464 203.0
1465 689.585
1466 203.0
1467 134.73851
1468 203.0
1469 347.0
1470 694.22455
1471 203.0
1472 283.0
1473 587.817
1474 183.14363
1475 203.0
1476 204.134
1477 0.0
1478 0.0
1479 283.0
1480 203.0
1481 283.0
1482 203.0
1483 1387.0
1484 283.0
1485 192.74129
1486 203.0
1487 76.771835
1488 203.0
1489 346.06427
1490 276.0
1491 283.0
1492 347.0
1493 103.93259
1494 395.0
1495 284.134
1496 347.0
1497 71.45336
1498 203.0
1499 203.0
1500 213.88322
1501 1387.0
1502 955.0
1503 955.0
1504 875.0
1505 699.0
1506 699.0
1507 694.22455
1508 689.585
1509 634.1436
1510 628.0
1511 587.817
1512 555.0
1513 460.134
1514 459.0
1515 459.0
1516 396.134
1517 395.0
1518 395.0
1519 395.0
1520 395.0
1521 395.0
1522 395.0
1523 395.0
1524 395.0
1525 395.0
1526 395.0
1527 395.0
1528 395.0
1529 395.0
1530 395.0
1531 395.0
1532 395.0
1533 395.0
1534 393.95468
1535 392.35312
1536 388.38538
1537 378.57446
1538 348.134
1539 348.134
1540 348.134
1541 348.134
1542 348.134
1543 348.134
1544 348.134
1545 348.134
1546 348.134
1547 348.134
1548 348.134
1549 347.0
1550 347.0
1551 180.30914
1552 204.134
1553 197.84805
1554 60.332237
1555 396.134
1556 191.52403
1557 203.0
1558 555.0
1559 0.0
1560 364.6192
1561 395.0
1562 109.712074
1563 460.134
1564 203.0
1565 396.134
1566 283.0
1567 203.0
1568 34.126553
1569 177.04985
1570 283.0
1571 120.62784
1572 203.0
1573 203.0
1574 235.98866
1575 347.0
1576 203.0
1577 204.134
1578 283.0
1579 203.0
1580 283.0
1581 203.0
1582 163.89847
1583 203.0
1584 185.79474
1585 283.0
1586 348.134
1587 65.76134
1588 284.134
1589 395.0
1590 203.0
1591 0.0
1592 203.0
1593 203.0
1594 347.0
1595 203.0
1596 203.0
1597 555.0
1598 955.0
1599 203.0
1600 134.16266
1601 1387.0
1602 955.0
1603 955.0
1604 955.0
1605 875.0
1606 699.0
1607 699.0
1608 694.22455
1609 689.585
1610 634.1436
1611 628.0
1612 587.817
1613 555.0
1614 555.0
1615 555.0
1616 460.134
1617 460.134
1618 459.0
1619 459.0
1620 396.134
1621 396.134
1622 396.134
1623 395.0
1624 395.0
1625 395.0
1626 395.0
1627 395.0
1628 395.0
1629 395.0
1630 395.0
1631 395.0
1632 395.0
1633 395.0
1634 395.0
1635 395.0
1636 395.0
1637 395.0
1638 395.0
1639 395.0
1640 395.0
1641 395.0
1642 393.95468
1643 392.35312
1644 388.38538
1645 378.57446
1646 364.6192
1647 348.134
1648 348.134
1649 348.134
1650 348.134
1651 50.60359
1652 203.0
1653 284.134
1654 203.0
1655 82.395905
1656 203.0
1657 203.0
1658 125.91155
1659 188.70366
1660 204.134
1661 19.844534
1662 1.7340001
1663 429.08575
1664 203.0
1665 13.805674
1666 213.37071
1667 175.21767
1668 49.53514
1669 283.0
1670 203.0
1671 395.0
1672 180.29562
1673 283.0
1674 203.0
1675 395.0
1676 98.92425
1677 203.0
1678 163.9329
1679 202.1802
1680 186.45744
1681 308.54755
1682 203.0
1683 347.0
1684 347.0
1685 348.134
1686 220.49107
1687 0.0
1688 347.0
1689 203.0
1690 115.13299
1691 348.134
1692 120.46962
1693 166.7607
1694 204.134
1695 459.0
1696 16.884274
1697 459.0
1698 204.134
1699 203.0
1700 203.0
1701 1387.0
1702 955.0
1703 955.0
1704 955.0
1705 875.0
1706 699.0
1707 699.0
1708 694.22455
1709 689.585
1710 634.1436
1711 628.0
1712 587.817
1713 555.0
1714 555.0
1715 555.0
1716 460.134
1717 460.134
1718 459.0
1719 459.0
1720 459.0
1721 459.0
1722 429.08575
1723 396.134
1724 396.134
1725 396.134
1726 395.0
1727 395.0
1728 395.0
1729 395.0
1730 395.0
1731 395.0
1732 395.0
1733 395.0
1734 395.0
1735 395.0
1736 395.0
1737 395.0
1738 395.0
1739 395.0
1740 395.0
1741 395.0
1742 395.0
1743 395.0
1744 395.0
1745 395.0
1746 395.0
1747 393.95468
1748 392.35312
1749 388.38538
1750 378.57446
1751 203.0
1752 203.0
1753 875.0
1754 203.0
1755 37.480633
1756 203.0
1757 203.0
1758 204.134
1759 395.0
1760 169.09674
1761 48.102978
1762 203.0
1763 388.38538
1764 203.0
1765 395.0
1766 203.0
1767 203.0
1768 142.3024
1769 114.81887
1770 179.20972
1771 136.8832
1772 203.0
1773 459.0
1774 348.134
1775 120.53289
1776 284.134
1777 396.134
1778 283.0
1779 283.0
1780 283.0
1781 180.31462
1782 203.0
1783 203.0
1784 347.0
1785 276.0
1786 125.71528
1787 203.0
1788 203.0
1789 103.29033
1790 204.134
1791 348.134
1792 109.344215
1793 115.19853
1794 24.185368
1795 395.0
1796 203.0
1797 191.4581
1798 203.0
1799 284.134
1800 87.72631
1801 1387.0
1802 955.0
1803 955.0
1804 955.0
1805 875.0
1806 875.0
1807 699.0
1808 699.0
1809 694.22455
1810 689.585
1811 634.1436
1812 628.0
1813 587.817
1814 555.0
1815 555.0
1816 555.0
1817 460.134
1818 460.134
1819 459.0
1820 459.0
1821 459.0
1822 459.0
1823 459.0
1824 429.08575
1825 396.134
1826 396.134
1827 396.134
1828 396.134
1829 395.0
1830 395.0
1831 395.0
1832 395.0
1833 395.0
1834 395.0
1835 395.0
1836 395.0
1837 395.0
1838 395.0
1839 395.0
1840 395.0
1841 395.0
1842 395.0
1843 395.0
1844 395.0
1845 395.0
1846 395.0
1847 395.0
1848 395.0
1849 395.0
1850 395.0
1851 347.0
1852 699.0
1853 203.0
1854 348.134
1855 283.0
1856 204.134
1857 306.07782
1858 93.30167
1859 395.0
1860 42.509514
1861 43.986885
1862 0.0
1863 460.134
1864 347.0
1865 347.0
1866 203.0
1867 203.0
1868 142.38606
1869 203.0
1870 125.74361
1871 203.0
1872 125.75166
1873 191.68028
1874 50.60359
1875 204.134
1876 203.0
1877 843.0
1878 395.0
1879 283.0
1880 191.27026
1881 395.0
1882 203.0
1883 169.54407
1884 283.0
1885 203.0
1886 147.95424
1887 164.46303
1888 203.0
1889 35.611965
1890 395.0
1891 204.134
1892 152.5055
1893 203.0
1894 203.0
1895 203.0
1896 203.0
1897 284.134
1898 203.0
1899 203.0
1900 175.73312
1901 1387.0
1902 955.0
1903 955.0
1904 955.0
1905 875.0
1906 875.0
1907 843.0
1908 699.0
1909 699.0
1910 699.0
1911 694.22455
1912 689.585
1913 634.1436
1914 628.0
1915 587.817
1916 555.0
1917 555.0
1918 555.0
1919 460.134
1920 460.134
1921 460.134
1922 459.0
1923 459.0
1924 459.0
1925 459.0
1926 459.0
1927 429.08575
1928 396.134
1929 396.134
1930 396.134
1931 396.134
1932 395.0
1933 395.0
1934 395.0
1935 395.0
1936 395.0
1937 395.0
1938 395.0
1939 395.0
1940 395.0
1941 395.0
1942 395.0
1943 395.0
1944 395.0
1945 395.0
1946 395.0
1947 395.0
1948 395.0
1949 395.0
1950 395.0
1951 203.0
1952 204.134
1953 203.0
1954 396.134
1955 283.0
1956 191.79686
1957 190.42741
1958 347.0
1959 204.134
1960 0.0
1961 203.0
1962 395.0
1963 203.0
1964 1.6092601
1965 203.0
1966 203.0
1967 203.0
1968 390.80334
1969 203.0
1970 283.0
1971 89.39591
1972 197.67162
1973 43.988956
1974 203.0
1975 283.0
1976 348.134
1977 131.46194
1978 395.0
1979 142.36743
1980 347.0
1981 72.10405
1982 196.74915
1983 110.84503
1984 94.08945
1985 203.0
1986 283.0
1987 82.49632
1988 203.0
1989 203.0
1990 204.134
1991 839.7815
1992 1387.0
1993 194.96405
1994 284.134
1995 395.0
1996 0.0
1997 203.0
1998 203.0
1999 203.0
2000 347.0
2001 1387.0
2002 1387.0
2003 955.0
2004 955.0
2005 955.0
2006 875.0
2007 875.0
2008 843.0
2009 839.7815
2010 699.0
2011 699.0
2012 699.0
2013 694.22455
2014 689.585
2015 634.1436
2016 628.0
2017 587.817
2018 555.0
2019 555.0
2020 555.0
2021 460.134
2022 460.134
2023 460.134
2024 459.0
2025 459.0
2026 459.0
2027 459.0
2028 459.0
2029 429.08575
2030 396.134
2031 396.134
2032 396.134
2033 396.134
2034 396.134
2035 395.0
2036 395.0
2037 395.0
2038 395.0
2039 395.0
2040 395.0
2041 395.0
2042 395.0
2043 395.0
2044 395.0
2045 395.0
2046 395.0
2047 395.0
2048 395.0
2049 395.0
2050 395.0
2051 203.0
2052 597.56854
2053 203.0
2054 203.0
2055 203.0
2056 32.0
2057 1275.0
2058 203.0
2059 347.0
2060 347.0
2061 347.0
2062 395.0
2063 284.134
2064 347.0
2065 203.0
2066 0.0
2067 593.3557
2068 150.95851
2069 181.95773
2070 203.0
2071 173.95155
2072 203.0
2073 0.0
2074 253.02426
2075 0.0
2076 283.0
2077 204.134
2078 174.9658
2079 39.74863
2080 98.60904
2081 203.0
2082 110.82805
2083 395.0
2084 460.134
2085 0.0
2086 203.0
2087 336.163
2088 203.0
2089 283.0
2090 203.0
2091 684.44244
2092 98.54349
2093 98.793594
2094 204.134
2095 204.134
2096 395.0
2097 203.0
2098 158.60393
2099 55.06595
2100 395.0
2101 1387.0
2102 1387.0
2103 1275.0
2104 955.0
2105 955.0
2106 955.0
2107 875.0
2108 875.0
2109 843.0
2110 839.7815
2111 699.0
2112 699.0
2113 699.0
2114 694.22455
2115 689.585
2116 684.44244
2117 634.1436
2118 628.0
2119 597.56854
2120 593.3557
2121 587.817
2122 555.0
2123 555.0
2124 555.0
2125 460.134
2126 460.134
2127 460.134
2128 460.134
2129 459.0
2130 459.0
2131 459.0
2132 459.0
2133 459.0
2134 429.08575
2135 396.134
2136 396.134
2137 396.134
2138 396.134
2139 396.134
2140 395.0
2141 395.0
2142 395.0
2143 395.0
2144 395.0
2145 395.0
2146 395.0
2147 395.0
2148 395.0
2149 395.0
2150 395.0
2151 166.38321
2152 347.0
2153 459.0
2154 283.0
2155 396.134
2156 347.0
2157 204.134
2158 203.0
2159 203.0
2160 197.48
2161 203.0
2162 38.61463
2163 283.0
2164 348.134
2165 91.111855
2166 203.0
2167 203.0
2168 203.0
2169 395.0
2170 203.0
2171 876.134
2172 203.0
2173 204.134
2174 618.1536
2175 207.06447
2176 203.0
2177 395.0
2178 200.25673
2179 395.0
2180 203.0
2181 175.01192
2182 0.0
2183 283.0
2184 283.0
2185 203.0
2186 151.88646
2187 203.0
2188 72.347786
2189 741.92456
2190 203.0
2191 459.0
2192 103.88981
2193 284.134
2194 115.19853
2195 415.6536
2196 203.0
2197 203.0
2198 203.0
2199 198.8755
2200 459.0
2201 1387.0
2202 1387.0
2203 1275.0
2204 955.0
2205 955.0
2206 955.0
2207 876.134
2208 875.0
2209 875.0
2210 843.0
2211 839.7815
2212 741.92456
2213 699.0
2214 699.0
2215 699.0
2216 694.22455
2217 689.585
2218 684.44244
2219 634.1436
2220 628.0
2221 618.1536
2222 597.56854
2223 593.3557
2224 587.817
2225 555.0
2226 555.0
2227 555.0
2228 460.134
2229 460.134
2230 460.134
2231 460.134
2232 459.0
2233 459.0
2234 459.0
2235 459.0
2236 459.0
2237 459.0
2238 459.0
2239 459.0
2240 429.08575
2241 415.6536
2242 396.134
2243 396.134
2244 396.134
2245 396.134
2246 396.134
2247 396.134
2248 395.0
2249 395.0
2250 395.0
2251 131.46194
2252 348.134
2253 203.0
2254 203.0
2255 203.0
2256 203.0
2257 0.0
2258 823.20215
2259 203.0
2260 203.0
2261 321.67395
2262 29.724794
2263 203.0
2264 459.0
2265 203.0
2266 203.0
2267 283.0
2268 391.39343
2269 312.16534
2270 33.134
2271 184.79631
2272 203.0
2273 236.51689
2274 459.0
2275 203.0
2276 395.0
2277 203.0
2278 220.58138
2279 203.0
2280 6.0838547
2281 204.134
2282 284.134
2283 175.01477
2284 204.134
2285 283.0
2286 195.51917
2287 193.1126
2288 114.83106
2289 372.0
2290 448.94785
2291 158.82693
2292 204.134
2293 395.0
2294 203.0
2295 1276.134
2296 98.682686
2297 98.60904
2298 459.0
2299 347.0
2300 386.51773
2301 1387.0
2302 1387.0
2303 1276.134
2304 1275.0
2305 955.0
2306 955.0
2307 955.0
2308 876.134
2309 875.0
2310 875.0
2311 843.0
2312 839.7815
2313 823.20215
2314 741.92456
2315 699.0
2316 699.0
2317 699.0
2318 694.22455
2319 689.585
2320 684.44244
2321 634.1436
2322 628.0
2323 618.1536
2324 597.56854
2325 593.3557
2326 587.817
2327 555.0
2328 555.0
2329 555.0
2330 460.134
2331 460.134
2332 460.134
2333 460.134
2334 459.0
2335 459.0
2336 459.0
2337 459.0
2338 459.0
2339 459.0
2340 459.0
2341 459.0
2342 459.0
2343 459.0
2344 459.0
2345 448.94785
2346 429.08575
2347 415.6536
2348 396.134
2349 396.134
2350 396.134
2351 283.0
2352 283.0
2353 844.134
2354 203.0
2355 203.0
2356 115.21488
2357 203.0
2358 -0.5645728
2359 395.0
2360 144.09674
2361 202.77122
2362 204.134
2363 347.0
2364 395.0
2365 348.134
2366 148.9073
2367 183.69743
2368 203.0
2369 120.4298
2370 203.0
2371 2.2680001
2372 180.9192
2373 283.0
2374 203.0
2375 283.0
2376 283.0
2377 347.0
2378 283.0
2379 283.0
2380 284.134
2381 203.0
2382 395.0
2383 170.23253
2384 0.0
2385 137.04456
2386 203.0
2387 38.61463
2388 347.0
2389 7.355589
2390 131.34154
2391 204.134
2392 284.134
2393 125.75166
2394 283.0
2395 82.30381
2396 142.2026
2397 203.0
2398 283.0
2399 1371.0
2400 284.83792
2401 1387.0
2402 1387.0
2403 1371.0
2404 1276.134
2405 1275.0
2406 955.0
2407 955.0
2408 955.0
2409 876.134
2410 875.0
2411 875.0
2412 844.134
2413 843.0
2414 839.7815
2415 823.20215
2416 741.92456
2417 699.0
2418 699.0
2419 699.0
2420 694.22455
2421 689.585
2422 684.44244
2423 634.1436
2424 628.0
2425 618.1536
2426 597.56854
2427 593.3557
2428 587.817
2429 555.0
2430 555.0
2431 555.0
2432 460.134
2433 460.134
2434 460.134
2435 460.134
2436 459.0
2437 459.0
2438 459.0
2439 459.0
2440 459.0
2441 459.0
2442 459.0
2443 459.0
2444 459.0
2445 459.0
2446 459.0
2447 448.94785
2448 429.08575
2449 415.6536
2450 396.134
2451 348.134
2452 203.0
2453 843.0
2454 204.134
2455 203.0
2456 283.0
2457 203.0
2458 204.134
2459 182.5068
2460 189.77075
2461 843.06604
2462 843.0
2463 203.0
2464 5.574937
2465 280.16837
2466 459.0
2467 203.0
2468 283.0
2469 203.0
2470 204.134
2471 283.0
2472 203.0
2473 283.0
2474 177.08734
2475 388.14917
2476 115.19853
2477 203.0
2478 203.0
2479 109.615395
2480 192.11617
2481 0.0
2482 132.382
2483 203.0
2484 180.22359
2485 203.0
2486 209.75395
2487 194.009
2488 555.0
2489 204.134
2490 203.0
2491 203.0
2492 347.0
2493 3.0547047
2494 1435.0
2495 395.0
2496 43.988956
2497 203.0
2498 203.0
2499 203.0
2500 283.0
2501 1435.0
2502 1387.0
2503 1387.0
2504 1371.0
2505 1276.134
2506 1275.0
2507 955.0
2508 955.0
2509 955.0
2510 876.134
2511 875.0
2512 875.0
2513 844.134
2514 843.06604
2515 843.0
2516 843.0
2517 843.0
2518 839.7815
2519 823.20215
2520 741.92456
2521 699.0
2522 699.0
2523 699.0
2524 694.22455
2525 689.585
2526 684.44244
2527 634.1436
2528 628.0
2529 618.1536
2530 597.56854
2531 593.3557
2532 587.817
2533 555.0
2534 555.0
2535 555.0
2536 555.0
2537 460.134
2538 460.134
2539 460.134
2540 460.134
2541 459.0
2542 459.0
2543 459.0
2544 459.0
2545 459.0
2546 459.0
2547 459.0
2548 459.0
2549 459.0
2550 459.0
2551 283.0
2552 348.134
2553 382.39542
2554 204.134
2555 283.0
2556 283.0
2557 956.134
2558 395.0
2559 283.0
2560 0.0
2561 199.12865
2562 195.30968
2563 92.53105
2564 203.0
2565 348.134
2566 1787.0
2567 204.134
2568 203.03291
2569 284.134
2570 177.32478
2571 104.18156
2572 203.0
2573 347.0
2574 204.134
2575 395.0
2576 202.183
2577 599.64795
2578 449.5009
2579 192.55513
2580 454.98242
2581 203.0
2582 347.0
2583 372.0
2584 459.0
2585 93.099785
2586 186.84813
2587 185.8337
2588 114.92671
2589 372.0
2590 347.0
2591 347.0
2592 74.688446
2593 193.22913
2594 203.0
2595 203.0
2596 347.0
2597 115.14708
2598 33.2
2599 347.0
2600 395.0
2601 1787.0
2602 1435.0
2603 1387.0
2604 1387.0
2605 1371.0
2606 1276.134
2607 1275.0
2608 956.134
2609 955.0
2610 955.0
2611 955.0
2612 876.134
2613 875.0
2614 875.0
2615 844.134
2616 843.06604
2617 843.0
2618 843.0
2619 843.0
2620 839.7815
2621 823.20215
2622 741.92456
2623 699.0
2624 699.0
2625 699.0
2626 694.22455
2627 689.585
2628 684.44244
2629 634.1436
2630 628.0
2631 618.1536
2632 599.64795
2633 597.56854
2634 593.3557
2635 587.817
2636 555.0
2637 555.0
2638 555.0
2639 555.0
2640 460.134
2641 460.134
2642 460.134
2643 460.134
2644 459.0
2645 459.0
2646 459.0
2647 459.0
2648 459.0
2649 459.0
2650 459.0
2651 284.134
2652 347.0
2653 203.0
2654 115.056816
2655 204.134
2656 1276.134
2657 283.0
2658 813.5617
2659 203.0
2660 284.134
2661 203.0
2662 7.8146305
2663 104.30161
2664 192.19632
2665 1372.134
2666 459.0
2667 203.0
2668 114.81887
2669 184.30869
2670 0.0
2671 203.0
2672 187.92134
2673 395.0
2674 103.8499
2675 203.0
2676 203.0
2677 203.0
2678 276.0
2679 87.70242
2680 0.0
2681 203.0
2682 203.0
2683 203.0
2684 203.0
2685 306.3502
2686 1275.0
2687 203.0
2688 388.38538
2689 203.0
2690 348.134
2691 130.89598
2692 341.41464
2693 175.15874
2694 204.134
2695 283.0
2696 203.0
2697 395.0
2698 214.11801
2699 203.0
2700 204.134
2701 1787.0
2702 1435.0
2703 1387.0
2704 1387.0
2705 1372.134
2706 1371.0
2707 1276.134
2708 1276.134
2709 1275.0
2710 1275.0
2711 956.134
2712 955.0
2713 955.0
2714 955.0
2715 876.134
2716 875.0
2717 875.0
2718 844.134
2719 843.06604
2720 843.0
2721 843.0
2722 843.0
2723 839.7815
2724 823.20215
2725 813.5617
2726 741.92456
2727 699.0
2728 699.0
2729 699.0
2730 694.22455
2731 689.585
2732 684.44244
2733 634.1436
2734 628.0
2735 618.1536
2736 599.64795
2737 597.56854
2738 593.3557
2739 587.817
2740 555.0
2741 555.0
2742 555.0
2743 555.0
2744 460.134
2745 460.134
2746 460.134
2747 460.134
2748 459.0
2749 459.0
2750 459.0
2751 283.0
2752 203.0
2753 60.453064
2754 203.0
2755 42.31882
2756 836.74915
2757 202.52477
2758 283.0
2759 459.0
2760 203.0
2761 203.0
2762 203.0
2763 204.134
2764 875.0
2765 50.43596
2766 1371.0
2767 203.0
2768 683.0
2769 396.134
2770 167.70645
2771 189.28989
2772 81.261406
2773 10.155914
2774 203.0
2775 1.3529072
2776 273.69144
2777 348.134
2778 45.71137
2779 129.8679
2780 276.0
2781 73.50091
2782 173.72334
2783 177.14066
2784 222.46722
2785 388.38538
2786 203.0
2787 196.38538
2788 203.0
2789 628.0
2790 203.0
2791 0.0
2792 283.0
2793 1275.0
2794 76.46391
2795 115.015526
2796 89.07567
2797 203.0
2798 203.0
2799 203.0
2800 396.134
2801 1787.0
2802 1435.0
2803 1387.0
2804 1387.0
2805 1372.134
2806 1371.0
2807 1371.0
2808 1276.134
2809 1276.134
2810 1275.0
2811 1275.0
2812 1275.0
2813 956.134
2814 955.0
2815 955.0
2816 955.0
2817 876.134
2818 875.0
2819 875.0
2820 875.0
2821 844.134
2822 843.06604
2823 843.0
2824 843.0
2825 843.0
2826 839.7815
2827 836.74915
2828 823.20215
2829 813.5617
2830 741.92456
2831 699.0
2832 699.0
2833 699.0
2834 694.22455
2835 689.585
2836 684.44244
2837 683.0
2838 634.1436
2839 628.0
2840 628.0
2841 618.1536
2842 599.64795
2843 597.56854
2844 593.3557
2845 587.817
2846 555.0
2847 555.0
2848 555.0
2849 555.0
2850 460.134
2851 285.268
2852 203.0
2853 0.0
2854 204.134
2855 284.134
2856 1372.134
2857 203.0
2858 2443.0
2859 29.169909
2860 283.0
2861 555.0
2862 203.0
2863 79.02069
2864 125.98945
2865 1275.0
2866 348.134
2867 193.26239
2868 203.0
2869 283.0
2870 283.0
2871 347.0
2872 700.134
2873 98.59286
2874 203.0
2875 843.0
2876 204.134
2877 203.0
2878 203.0
2879 202.2997
2880 197.64229
2881 203.0
2882 204.134
2883 395.0
2884 203.0
2885 203.0
2886 395.0
2887 276.0
2888 203.0
2889 347.0
2890 200.73201
2891 203.0
2892 25.284904
2893 144.19154
2894 93.25232
2895 203.0
2896 187.29646
2897 203.0
2898 187.98212
2899 875.0
2900 204.134
2901 2443.0
2902 1787.0
2903 1435.0
2904 1387.0
2905 1387.0
2906 1372.134
2907 1372.134
2908 1371.0
2909 1371.0
2910 1276.134
2911 1276.134
2912 1275.0
2913 1275.0
2914 1275.0
2915 1275.0
2916 956.134
2917 955.0
2918 955.0
2919 955.0
2920 876.134
2921 875.0
2922 875.0
2923 875.0
2924 875.0
2925 844.134
2926 843.06604
2927 843.0
2928 843.0
2929 843.0
2930 843.0
2931 839.7815
2932 836.74915
2933 823.20215
2934 813.5617
2935 741.92456
2936 700.134
2937 699.0
2938 699.0
2939 699.0
2940 694.22455
2941 689.585
2942 684.44244
2943 683.0
2944 634.1436
2945 628.0
2946 628.0
2947 618.1536
2948 599.64795
2949 597.56854
2950 593.3557
2951 202.52477
2952 190.06569
2953 45.28946
2954 395.0
2955 204.134
2956 276.0
2957 347.0
2958 175.51143
2959 348.134
2960 200.732
2961 347.0
2962 203.0
2963 203.0
2964 198.64748
2965 699.0
2966 200.78787
2967 203.0
2968 203.0
2969 203.0
2970 8.517072
2971 283.0
2972 395.0
2973 37.41463
2974 283.0
2975 24.411299
2976 192.86853
2977 203.0
2978 841.866
2979 203.0
2980 203.0
2981 180.65886
2982 196.70314
2983 204.134
2984 180.16794
2985 843.0
2986 203.0
2987 274.8202
2988 115.1871
2989 203.0
2990 395.0
2991 203.0
2992 283.0
2993 283.0
2994 203.0
2995 182.85616
2996 164.04268
2997 203.0
2998 1.1340001
2999 283.0
3000 204.134
3001 2443.0
3002 1787.0
3003 1435.0
3004 1387.0
3005 1387.0
3006 1372.134
3007 1372.134
3008 1371.0
3009 1371.0
3010 1276.134
3011 1276.134
3012 1275.0
3013 1275.0
3014 1275.0
3015 1275.0
3016 956.134
3017 955.0
3018 955.0
3019 955.0
3020 876.134
3021 875.0
3022 875.0
3023 875.0
3024 875.0
3025 844.134
3026 843.06604
3027 843.0
3028 843.0
3029 843.0
3030 843.0
3031 843.0
3032 841.866
3033 839.7815
3034 836.74915
3035 823.20215
3036 813.5617
3037 741.92456
3038 700.134
3039 699.0
3040 699.0
3041 699.0
3042 699.0
3043 694.22455
3044 689.585
3045 684.44244
3046 683.0
3047 634.1436
3048 628.0
3049 628.0
3050 618.1536
3051 283.0
3052 843.0
3053 158.39178
3054 1275.0
3055 348.134
3056 203.0
3057 0.0
3058 204.134
3059 203.0
3060 699.0
3061 167.1321
3062 283.0
3063 395.0
3064 203.0
3065 1275.0
3066 185.49338
3067 204.134
3068 203.0
3069 843.0
3070 202.04948
3071 347.0
3072 283.0
3073 203.0
3074 347.0
3075 1276.134
3076 203.0
3077 1275.0
3078 201.866
3079 283.0
3080 203.0
3081 31.114704
3082 203.0
3083 196.91615
3084 43.01512
3085 459.0
3086 2.9304833
3087 348.134
3088 203.0
3089 204.134
3090 326.61145
3091 203.0
3092 142.15636
3093 369.9887
3094 93.12118
3095 180.58224
3096 189.12164
3097 395.0
3098 203.0
3099 204.134
3100 202.72913
3101 2443.0
3102 1787.0
3103 1435.0
3104 1387.0
3105 1387.0
3106 1372.134
3107 1372.134
3108 1371.0
3109 1371.0
3110 1276.134
3111 1276.134
3112 1276.134
3113 1275.0
3114 1275.0
3115 1275.0
3116 1275.0
3117 1275.0
3118 1275.0
3119 1275.0
3120 956.134
3121 955.0
3122 955.0
3123 955.0
3124 876.134
3125 875.0
3126 875.0
3127 875.0
3128 875.0
3129 844.134
3130 843.06604
3131 843.0
3132 843.0
3133 843.0
3134 843.0
3135 843.0
3136 843.0
3137 843.0
3138 841.866
3139 839.7815
3140 836.74915
3141 823.20215
3142 813.5617
3143 741.92456
3144 700.134
3145 699.0
3146 699.0
3147 699.0
3148 699.0
3149 699.0
3150 694.22455
3151 203.0
3152 203.0
3153 98.8585
3154 203.0
3155 283.0
3156 204.134
3157 460.134
3158 203.0
3159 203.0
3160 171.57413
3161 1275.0
3162 460.134
3163 17.286127
3164 203.0
3165 203.0
3166 180.8403
3167 203.0
3168 203.0
3169 738.40216
3170 203.0
3171 203.0
3172 347.0
3173 843.0
3174 628.0
3175 284.134
3176 555.0
3177 556.134
3178 284.134
3179 1354.2119
3180 203.0
3181 1275.0
3182 203.0
3183 1275.0
3184 348.134
3185 203.0
3186 204.134
3187 395.0
3188 216.0505
3189 141.63748
3190 87.140114
3191 204.134
3192 460.134
3193 203.0
3194 204.134
3195 203.0
3196 203.0
3197 843.0
3198 1017.17334
3199 201.866
3200 203.0
3201 2443.0
3202 1787.0
3203 1435.0
3204 1387.0
3205 1387.0
3206 1372.134
3207 1372.134
3208 1371.0
3209 1371.0
3210 1354.2119
3211 1276.134
3212 1276.134
3213 1276.134
3214 1275.0
3215 1275.0
3216 1275.0
3217 1275.0
3218 1275.0
3219 1275.0
3220 1275.0
3221 1275.0
3222 1275.0
3223 1275.0
3224 1017.17334
3225 956.134
3226 955.0
3227 955.0
3228 955.0
3229 876.134
3230 875.0
3231 875.0
3232 875.0
3233 875.0
3234 844.134
3235 843.06604
3236 843.0
3237 843.0
3238 843.0
3239 843.0
3240 843.0
3241 843.0
3242 843.0
3243 843.0
3244 843.0
3245 841.866
3246 839.7815
3247 836.74915
3248 823.20215
3249 813.5617
3250 741.92456
3251 1435.0
3252 1293.0239
3253 372.0
3254 138.86385
3255 204.134
3256 204.134
3257 396.134
3258 192.45322
3259 203.0
3260 154.91634
3261 284.134
3262 395.0
3263 395.0
3264 1915.0
3265 203.0
3266 203.0
3267 203.0
3268 0.43081248
3269 142.97212
3270 364.75705
3271 689.9212
3272 395.0
3273 34.267998
3274 1916.134
3275 204.134
3276 955.0
3277 203.0
3278 203.0
3279 843.0
3280 683.0
3281 25.414562
3282 347.0
3283 187.28052
3284 1387.0
3285 203.0
3286 40.908615
3287 204.134
3288 -0.8282064
3289 395.0
3290 283.0
3291 203.0
3292 284.134
3293 459.0
3294 699.2358
3295 203.0
3296 175.78178
3297 875.0
3298 283.0
3299 93.83964
3300 396.134
3301 2443.0
3302 1916.134
3303 1915.0
3304 1787.0
3305 1435.0
3306 1435.0
3307 1387.0
3308 1387.0
3309 1387.0
3310 1372.134
3311 1372.134
3312 1371.0
3313 1371.0
3314 1354.2119
3315 1293.0239
3316 1276.134
3317 1276.134
3318 1276.134
3319 1275.0
3320 1275.0
3321 1275.0
3322 1275.0
3323 1275.0
3324 1275.0
3325 1275.0
3326 1275.0
3327 1275.0
3328 1275.0
3329 1017.17334
3330 956.134
3331 955.0
3332 955.0
3333 955.0
3334 955.0
3335 876.134
3336 875.0
3337 875.0
3338 875.0
3339 875.0
3340 875.0
3341 844.134
3342 843.06604
3343 843.0
3344 843.0
3345 843.0
3346 843.0
3347 843.0
3348 843.0
3349 843.0
3350 843.0
3351 204.134
3352 6.8508253
3353 203.0
3354 872.2568
3355 204.134
3356 0.0
3357 395.0
3358 843.0
3359 136.15083
3360 203.0
3361 201.866
3362 175.98584
3363 284.134
3364 0.0
3365 640.13635
3366 395.0
3367 203.0
3368 64.818665
3369 0.0
3370 203.0
3371 347.0
3372 347.0
3373 875.0
3374 1273.866
3375 283.0
3376 349.268
3377 276.0
3378 395.0
3379 26.626587
3380 28.542696
3381 1275.0
3382 348.134
3383 347.0
3384 284.134
3385 203.0
3386 203.0
3387 283.0
3388 204.134
3389 949.637
3390 347.0
3391 97.4589
3392 203.0
3393 204.50563
3394 203.0
3395 201.1913
3396 203.0
3397 348.134
3398 2859.0
3399 699.0
3400 203.0
3401 2859.0
3402 2443.0
3403 1916.134
3404 1915.0
3405 1787.0
3406 1435.0
3407 1435.0
3408 1387.0
3409 1387.0
3410 1387.0
3411 1372.134
3412 1372.134
3413 1371.0
3414 1371.0
3415 1354.2119
3416 1293.0239
3417 1276.134
3418 1276.134
3419 1276.134
3420 1275.0
3421 1275.0
3422 1275.0
3423 1275.0
3424 1275.0
3425 1275.0
3426 1275.0
3427 1275.0
3428 1275.0
3429 1275.0
3430 1275.0
3431 1273.866
3432 1017.17334
3433 956.134
3434 955.0
3435 955.0
3436 955.0
3437 955.0
3438 949.637
3439 876.134
3440 875.0
3441 875.0
3442 875.0
3443 875.0
3444 875.0
3445 875.0
3446 872.2568
3447 844.134
3448 843.06604
3449 843.0
3450 843.0
3451 875.0
3452 460.134
3453 199.06027
3454 203.0
3455 203.0
3456 204.00926
3457 347.0
3458 283.0
3459 395.0
3460 168.34436
3461 843.0
3462 699.0
3463 633.153
3464 198.18262
3465 283.0
3466 284.134
3467 197.78429
3468 1275.0
3469 22.828844
3470 843.0
3471 1359.2322
3472 126.11079
3473 459.0
3474 203.0
3475 34.267998
3476 171.72005
3477 395.0
3478 395.0
3479 460.134
3480 306.03833
3481 203.0
3482 17.639465
3483 156.02469
3484 131.09183
3485 395.0
3486 204.134
3487 283.0
3488 1.7340001
3489 253.495
3490 843.0
3491 396.134
3492 72.75068
3493 284.134
3494 395.0
3495 203.0
3496 28.193039
3497 0.0
3498 204.134
3499 204.134
3500 204.134
3501 2859.0
3502 2443.0
3503 1916.134
3504 1915.0
3505 1787.0
3506 1435.0
3507 1435.0
3508 1387.0
3509 1387.0
3510 1387.0
3511 1372.134
3512 1372.134
3513 1371.0
3514 1371.0
3515 1359.2322
3516 1354.2119
3517 1293.0239
3518 1276.134
3519 1276.134
3520 1276.134
3521 1275.0
3522 1275.0
3523 1275.0
3524 1275.0
3525 1275.0
3526 1275.0
3527 1275.0
3528 1275.0
3529 1275.0
3530 1275.0
3531 1275.0
3532 1275.0
3533 1273.866
3534 1017.17334
3535 956.134
3536 955.0
3537 955.0
3538 955.0
3539 955.0
3540 949.637
3541 876.134
3542 875.0
3543 875.0
3544 875.0
3545 875.0
3546 875.0
3547 875.0
3548 875.0
3549 872.2568
3550 844.134
3551 459.0
3552 203.0
3553 203.0
3554 1.6680001
3555 283.0
3556 284.134
3557 54.874966
3558 1275.0
3559 129.23099
3560 223.91844
3561 283.0
3562 31.465183
3563 203.0
3564 203.0
3565 203.0
3566 348.134
3567 875.0
3568 831.51764
3569 203.0
3570 555.0
3571 67.94088
3572 843.0
3573 204.134
3574 23.030945
3575 843.0
3576 203.0
3577 1195.0
3578 396.134
3579 203.0
3580 1371.0
3581 184.6319
3582 395.0
3583 203.0
3584 1.1340001
3585 555.0
3586 347.0
3587 203.0
3588 203.0
3589 348.134
3590 194.11739
3591 203.0
3592 396.134
3593 204.134
3594 203.0
3595 196.38538
3596 203.0
3597 203.0
3598 1915.0
3599 203.0
3600 348.134
3601 2859.0
3602 2443.0
3603 1916.134
3604 1915.0
3605 1915.0
3606 1787.0
3607 1435.0
3608 1435.0
3609 1387.0
3610 1387.0
3611 1387.0
3612 1372.134
3613 1372.134
3614 1371.0
3615 1371.0
3616 1371.0
3617 1359.2322
3618 1354.2119
3619 1293.0239
3620 1276.134
3621 1276.134
3622 1276.134
3623 1275.0
3624 1275.0
3625 1275.0
3626 1275.0
3627 1275.0
3628 1275.0
3629 1275.0
3630 1275.0
3631 1275.0
3632 1275.0
3633 1275.0
3634 1275.0
3635 1275.0
3636 1273.866
3637 1195.0
3638 1017.17334
3639 956.134
3640 955.0
3641 955.0
3642 955.0
3643 955.0
3644 949.637
3645 876.134
3646 875.0
3647 875.0
3648 875.0
3649 875.0
3650 875.0
3651 1371.0
3652 283.0
3653 284.134
3654 3608.7905
3655 201.26599
3656 190.81358
3657 180.40337
3658 205.02007
3659 203.03772
3660 395.0
3661 203.0
3662 1275.0
3663 1915.0
3664 14.165728
3665 204.134
3666 204.134
3667 844.134
3668 203.0
3669 283.0
3670 460.134
3671 555.0
3672 200.82623
3673 460.134
3674 283.0
3675 203.0
3676 4.29395
3677 1275.0
3678 284.134
3679 876.134
3680 203.0
3681 348.134
3682 1436.134
3683 203.0
3684 395.0
3685 347.0
3686 203.0
3687 459.0
3688 75.09223
3689 36.08695
3690 204.134
3691 1915.0
3692 203.0
3693 203.0
3694 192.66087
3695 1.1340001
3696 204.134
3697 699.0
3698 347.0
3699 38.61463
3700 59.33772
3701 3608.7905
3702 2859.0
3703 2443.0
3704 1916.134
3705 1915.0
3706 1915.0
3707 1915.0
3708 1915.0
3709 1787.0
3710 1436.134
3711 1435.0
3712 1435.0
3713 1387.0
3714 1387.0
3715 1387.0
3716 1372.134
3717 1372.134
3718 1371.0
3719 1371.0
3720 1371.0
3721 1371.0
3722 1359.2322
3723 1354.2119
3724 1293.0239
3725 1276.134
3726 1276.134
3727 1276.134
3728 1275.0
3729 1275.0
3730 1275.0
3731 1275.0
3732 1275.0
3733 1275.0
3734 1275.0
3735 1275.0
3736 1275.0
3737 1275.0
3738 1275.0
3739 1275.0
3740 1275.0
3741 1275.0
3742 1275.0
3743 1273.866
3744 1195.0
3745 1017.17334
3746 956.134
3747 955.0
3748 955.0
3749 955.0
3750 955.0
3751 203.0
3752 875.0
3753 284.134
3754 201.90706
3755 1273.266
3756 204.134
3757 1275.0
3758 348.134
3759 55.532093
3760 1277.0845
3761 348.134
3762 82.05481
3763 395.0
3764 38.07376
3765 398.44818
3766 1275.0
3767 195.717
3768 1195.0
3769 843.0
3770 1.5727948
3771 204.134
3772 284.134
3773 2.2680001
3774 282.61462
3775 1369.2072
3776 395.0
3777 1276.134
3778 875.0
3779 347.0
3780 283.0
3781 276.0
3782 283.0
3783 183.51646
3784 843.0
3785 838.5591
3786 459.0
3787 98.47278
3788 347.0
3789 33.134
3790 283.0
3791 555.0
3792 348.134
3793 459.0
3794 1275.0
3795 203.0
3796 203.0
3797 203.0
3798 283.0
3799 203.0
3800 457.866
3801 3608.7905
3802 2859.0
3803 2443.0
3804 1916.134
3805 1915.0
3806 1915.0
3807 1915.0
3808 1915.0
3809 1787.0
3810 1436.134
3811 1435.0
3812 1435.0
3813 1387.0
3814 1387.0
3815 1387.0
3816 1372.134
3817 1372.134
3818 1371.0
3819 1371.0
3820 1371.0
3821 1371.0
3822 1369.2072
3823 1359.2322
3824 1354.2119
3825 1293.0239
3826 1277.0845
3827 1276.134
3828 1276.134
3829 1276.134
3830 1276.134
3831 1275.0
3832 1275.0
3833 1275.0
3834 1275.0
3835 1275.0
3836 1275.0
3837 1275.0
3838 1275.0
3839 1275.0
3840 1275.0
3841 1275.0
3842 1275.0
3843 1275.0
3844 1275.0
3845 1275.0
3846 1275.0
3847 1275.0
3848 1275.0
3849 1273.866
3850 1273.266
3851 1268.0
3852 459.0
3853 1275.0
3854 203.0
3855 204.134
3856 3227.0
3857 0.0
3858 1387.0
3859 271.94812
3860 1436.134
3861 202.82608
3862 281.866
3863 283.0
3864 215.13716
3865 283.0
3866 203.0
3867 348.134
3868 1275.0
3869 1915.0
3870 395.0
3871 54.834946
3872 284.134
3873 191.72736
3874 0.0
3875 200.4925
3876 203.0
3877 204.134
3878 377.74844
3879 204.134
3880 1275.0
3881 1435.0
3882 875.0
3883 203.0
3884 147.87186
3885 839.5457
3886 203.0
3887 283.0
3888 372.0
3889 203.0
3890 347.0
3891 395.0
3892 203.0
3893 60.634235
3894 347.0
3895 203.0
3896 203.0
3897 203.0
3898 203.0
3899 1272.7319
3900 283.0
3901 3608.7905
3902 3227.0
3903 2859.0
3904 2443.0
3905 1916.134
3906 1915.0
3907 1915.0
3908 1915.0
3909 1915.0
3910 1915.0
3911 1787.0
3912 1436.134
3913 1436.134
3914 1435.0
3915 1435.0
3916 1435.0
3917 1387.0
3918 1387.0
3919 1387.0
3920 1387.0
3921 1372.134
3922 1372.134
3923 1371.0
3924 1371.0
3925 1371.0
3926 1371.0
3927 1369.2072
3928 1359.2322
3929 1354.2119
3930 1293.0239
3931 1277.0845
3932 1276.134
3933 1276.134
3934 1276.134
3935 1276.134
3936 1275.0
3937 1275.0
3938 1275.0
3939 1275.0
3940 1275.0
3941 1275.0
3942 1275.0
3943 1275.0
3944 1275.0
3945 1275.0
3946 1275.0
3947 1275.0
3948 1275.0
3949 1275.0
3950 1275.0
3951 200.25673
3952 283.0
3953 877.26794
3954 203.0
3955 203.0
3956 115.18477
3957 203.0
3958 81.612915
3959 395.0
3960 284.134
3961 459.0
3962 583.4184
3963 1435.0
3964 191.65436
3965 199.95808
3966 395.0
3967 203.0
3968 0.0
3969 203.0
3970 395.0
3971 283.0
3972 203.0
3973 9.128979
3974 0.0
3975 71.55451
3976 204.134
3977 187.3334
3978 203.0
3979 203.0
3980 460.134
3981 283.0
3982 1275.0
3983 1915.0
3984 577.919
3985 460.134
3986 136.97697
3987 205.53392
3988 196.9685
3989 843.0
3990 347.0
3991 284.134
3992 203.0
3993 722.36975
3994 460.134
3995 437.81543
3996 348.134
3997 204.134
3998 395.0
3999 459.0
4000 395.0
4001 3608.7905
4002 3227.0
4003 2859.0
4004 2443.0
4005 1916.134
4006 1915.0
4007 1915.0
4008 1915.0
4009 1915.0
4010 1915.0
4011 1915.0
4012 1787.0
4013 1436.134
4014 1436.134
4015 1435.0
4016 1435.0
4017 1435.0
4018 1435.0
4019 1387.0
4020 1387.0
4021 1387.0
4022 1387.0
4023 1372.134
4024 1372.134
4025 1371.0
4026 1371.0
4027 1371.0
4028 1371.0
4029 1369.2072
4030 1359.2322
4031 1354.2119
4032 1293.0239
4033 1277.0845
4034 1276.134
4035 1276.134
4036 1276.134
4037 1276.134
4038 1275.0
4039 1275.0
4040 1275.0
4041 1275.0
4042 1275.0
4043 1275.0
4044 1275.0
4045 1275.0
4046 1275.0
4047 1275.0
4048 1275.0
4049 1275.0
4050 1275.0
4051 875.0
4052 1268.0
4053 341.69003
4054 733.0534
4055 151.7732
4056 395.0
4057 1275.0
4058 827.03156
4059 203.0
4060 204.134
4061 1276.134
4062 395.0
4063 204.134
4064 460.134
4065 193.40721
4066 86.75031
4067 203.0
4068 283.0
4069 1377.5857
4070 164.37683
4071 283.0
4072 1387.0
4073 699.0
4074 168.48833
4075 395.0
4076 61.792187
4077 1196.134
4078 395.0
4079 202.00623
4080 189.1248
4081 379.14838
4082 223.60608
4083 203.0
4084 265.35898
4085 203.0
4086 204.134
4087 875.0
4088 875.0
4089 348.134
4090 106.31703
4091 1915.0
4092 192.40932
4093 7.449892
4094 283.0
4095 203.0
4096 683.47876
4097 735.9158
4098 203.0
4099 204.134
4100 395.0
4101 3608.7905
4102 3227.0
4103 2859.0
4104 2443.0
4105 1916.134
4106 1915.0
4107 1915.0
4108 1915.0
4109 1915.0
4110 1915.0
4111 1915.0
4112 1915.0
4113 1787.0
4114 1436.134
4115 1436.134
4116 1435.0
4117 1435.0
4118 1435.0
4119 1435.0
4120 1387.0
4121 1387.0
4122 1387.0
4123 1387.0
4124 1387.0
4125 1377.5857
4126 1372.134
4127 1372.134
4128 1371.0
4129 1371.0
4130 1371.0
4131 1371.0
4132 1369.2072
4133 1359.2322
4134 1354.2119
4135 1293.0239
4136 1277.0845
4137 1276.134
4138 1276.134
4139 1276.134
4140 1276.134
4141 1276.134
4142 1275.0
4143 1275.0
4144 1275.0
4145 1275.0
4146 1275.0
4147 1275.0
4148 1275.0
4149 1275.0
4150 1275.0
4151 1915.0
4152 203.0
4153 201.99074
4154 203.0
4155 201.50116
4156 1275.0
4157 170.73584
4158 1427.4812
4159 459.0
4160 1387.0
4161 460.134
4162 699.0
4163 204.134
4164 204.134
4165 10.524791
4166 284.134
4167 1436.134
4168 203.0
4169 93.137665
4170 460.134
4171 109.77078
4172 459.0
4173 348.134
4174 1195.0
4175 699.0
4176 65.389885
4177 203.0
4178 459.0
4179 556.668
4180 133.16777
4181 203.0
4182 203.0
4183 283.0
4184 732.699
4185 65.36511
4186 447.85245
4187 71.92948
4188 348.134
4189 203.0
4190 195.4538
4191 372.0
4192 204.134
4193 395.0
4194 281.866
4195 198.46661
4196 396.134
4197 283.0
4198 163.40636
4199 201.866
4200 1360.2222
4201 3608.7905
4202 3227.0
4203 2859.0
4204 2443.0
4205 1916.134
4206 1915.0
4207 1915.0
4208 1915.0
4209 1915.0
4210 1915.0
4211 1915.0
4212 1915.0
4213 1915.0
4214 1787.0
4215 1436.134
4216 1436.134
4217 1436.134
4218 1435.0
4219 1435.0
4220 1435.0
4221 1435.0
4222 1427.4812
4223 1387.0
4224 1387.0
4225 1387.0
4226 1387.0
4227 1387.0
4228 1387.0
4229 1377.5857
4230 1372.134
4231 1372.134
4232 1371.0
4233 1371.0
4234 1371.0
4235 1371.0
4236 1369.2072
4237 1360.2222
4238 1359.2322
4239 1354.2119
4240 1293.0239
4241 1277.0845
4242 1276.134
4243 1276.134
4244 1276.134
4245 1276.134
4246 1276.134
4247 1275.0
4248 1275.0
4249 1275.0
4250 1275.0
4251 699.0
4252 347.0
4253 843.0
4254 200.73201
4255 195.5084
4256 205.3235
4257 875.0
4258 1246.8678
4259 203.0
4260 699.0
4261 876.134
4262 459.0
4263 459.0
4264 220.71329
4265 844.134
4266 1915.0
4267 203.0
4268 1275.0
4269 38.640247
4270 203.0
4271 203.0
4272 201.8
4273 203.0
4274 203.0
4275 284.134
4276 0.0
4277 395.0
4278 435.65387
4279 203.0
4280 191.1337
4281 460.134
4282 203.0
4283 203.0
4284 264.27408
4285 70.38355
4286 192.87854
4287 203.0
4288 196.14458
4289 347.0
4290 219.73166
4291 203.0
4292 86.02538
4293 1915.0
4294 194.60371
4295 396.134
4296 204.134
4297 347.0
4298 1275.0
4299 699.0
4300 284.134
4301 3608.7905
4302 3227.0
4303 2859.0
4304 2443.0
4305 1916.134
4306 1915.0
4307 1915.0
4308 1915.0
4309 1915.0
4310 1915.0
4311 1915.0
4312 1915.0
4313 1915.0
4314 1915.0
4315 1915.0
4316 1787.0
4317 1436.134
4318 1436.134
4319 1436.134
4320 1435.0
4321 1435.0
4322 1435.0
4323 1435.0
4324 1427.4812
4325 1387.0
4326 1387.0
4327 1387.0
4328 1387.0
4329 1387.0
4330 1387.0
4331 1377.5857
4332 1372.134
4333 1372.134
4334 1371.0
4335 1371.0
4336 1371.0
4337 1371.0
4338 1369.2072
4339 1360.2222
4340 1359.2322
4341 1354.2119
4342 1293.0239
4343 1277.0845
4344 1276.134
4345 1276.134
4346 1276.134
4347 1276.134
4348 1276.134
4349 1275.0
4350 1275.0
4351 1243.0
4352 1915.0
4353 843.0
4354 204.134
4355 203.0
4356 204.134
4357 203.0
4358 203.0
4359 203.0
4360 192.05353
4361 395.0
4362 203.0
4363 203.0
4364 203.0
4365 459.0
4366 274.15848
4367 203.0
4368 276.0
4369 347.0
4370 1388.134
4371 203.0
4372 283.0
4373 843.0
4374 834.1282
4375 395.0
4376 203.0
4377 283.0
4378 1387.0
4379 203.0
4380 203.0
4381 204.134
4382 199.56924
4383 3078.5962
4384 283.0
4385 72.47317
4386 203.0
4387 283.0
4388 204.134
4389 395.0
4390 200.59364
4391 200.73201
4392 347.0
4393 395.0
4394 203.0
4395 1435.0
4396 90.16724
4397 395.0
4398 203.0
4399 215.41177
4400 203.0
4401 3608.7905
4402 3227.0
4403 3078.5962
4404 2859.0
4405 2443.0
4406 1916.134
4407 1915.0
4408 1915.0
4409 1915.0
4410 1915.0
4411 1915.0
4412 1915.0
4413 1915.0
4414 1915.0
4415 1915.0
4416 1915.0
4417 1915.0
4418 1787.0
4419 1436.134
4420 1436.134
4421 1436.134
4422 1435.0
4423 1435.0
4424 1435.0
4425 1435.0
4426 1435.0
4427 1427.4812
4428 1388.134
4429 1387.0
4430 1387.0
4431 1387.0
4432 1387.0
4433 1387.0
4434 1387.0
4435 1387.0
4436 1377.5857
4437 1372.134
4438 1372.134
4439 1371.0
4440 1371.0
4441 1371.0
4442 1371.0
4443 1369.2072
4444 1360.2222
4445 1359.2322
4446 1354.2119
4447 1293.0239
4448 1277.0845
4449 1276.134
4450 1276.134
4451 203.0
4452 1750.9355
4453 276.0
4454 460.134
4455 203.0
4456 203.59999
4457 459.0
4458 203.0
4459 283.0
4460 192.80936
4461 396.134
4462 701.6614
4463 843.0
4464 200.666
4465 1275.0
4466 1387.0
4467 203.0
4468 347.0
4469 196.61476
4470 203.0
4471 186.81032
4472 347.0
4473 203.0
4474 196.38538
4475 48.167118
4476 203.0
4477 1435.0
4478 190.01146
4479 203.0
4480 1049.3907
4481 0.0
4482 283.0
4483 843.0
4484 203.0
4485 875.0
4486 43.968376
4487 204.134
4488 103.99093
4489 203.0
4490 348.134
4491 395.0
4492 396.134
4493 203.0
4494 395.0
4495 203.0
4496 459.0
4497 200.73201
4498 430.10007
4499 695.7172
4500 20.025116
4501 3608.7905
4502 3227.0
4503 3078.5962
4504 2859.0
4505 2443.0
4506 1916.134
4507 1915.0
4508 1915.0
4509 1915.0
4510 1915.0
4511 1915.0
4512 1915.0
4513 1915.0
4514 1915.0
4515 1915.0
4516 1915.0
4517 1915.0
4518 1787.0
4519 1750.9355
4520 1436.134
4521 1436.134
4522 1436.134
4523 1435.0
4524 1435.0
4525 1435.0
4526 1435.0
4527 1435.0
4528 1435.0
4529 1427.4812
4530 1388.134
4531 1387.0
4532 1387.0
4533 1387.0
4534 1387.0
4535 1387.0
4536 1387.0
4537 1387.0
4538 1387.0
4539 1377.5857
4540 1372.134
4541 1372.134
4542 1371.0
4543 1371.0
4544 1371.0
4545 1371.0
4546 1369.2072
4547 1360.2222
4548 1359.2322
4549 1354.2119
4550 1293.0239
4551 459.0
4552 347.0
4553 1288.9401
4554 369.03946
4555 284.134
4556 396.27988
4557 203.0
4558 203.0
4559 460.134
4560 32.300953
4561 276.0
4562 284.134
4563 203.0
4564 555.0
4565 2636.134
4566 283.0
4567 1.2
4568 195.53258
4569 367.2337
4570 204.134
4571 334.30228
4572 347.0
4573 14.614955
4574 37.230938
4575 203.0
4576 203.0
4577 203.0
4578 204.134
4579 1435.0
4580 22.389046
4581 1908.0
4582 0.0
4583 203.0
4584 347.0
4585 203.0
4586 284.134
4587 116.59693
4588 396.134
4589 459.0
4590 189.8894
4591 204.134
4592 204.134
4593 97.698296
4594 4096.0
4595 1387.0
4596 204.134
4597 203.0
4598 203.0
4599 178.68182
4600 283.0
4601 4096.0
4602 3608.7905
4603 3227.0
4604 3078.5962
4605 2859.0
4606 2636.134
4607 2443.0
