1 203.0
2 203.0
3 87.6954
4 0.0
5 30.866
6 33.134
7 0.0
8 6.6146307
9 201.22346
10 131.54694
11 1276.134
12 104.120804
13 0.0
14 0.0
15 45.229263
16 11.988956
17 31.4
18 20.154432
19 0.0
20 0.0
21 55.023354
22 32.534
23 30.8
24 160.80336
25 38.61463
26 25.385368
27 179.41425
28 6.585438
29 0.0
30 31.4
31 38.850822
32 126.01355
33 131.56046
34 13.229903
35 203.0
36 20.01105
37 0.0
38 98.52627
39 13.279365
40 203.0
41 33.134
42 93.28232
43 33.134
44 30.866
45 30.866
46 32.0
47 197.42671
48 103.86703
49 30.866
50 120.38946
51 0.0
52 169.46179
53 30.866
54 0.0
55 25.985367
56 0.0
57 0.0
58 150.60896
59 0.0
60 103.91639
61 0.0
62 159.03185
63 29.731998
64 0.0
65 185.79288
66 6.8508253
67 31.4
68 203.0
69 0.0
70 30.866
71 42.768375
72 38.61463
73 0.0
74 0.0
75 87.60242
76 1.1340001
77 103.93259
78 44.155464
79 160.22719
80 180.466
81 203.0
82 87.54455
83 166.01027
84 8.976639
85 32.0
86 25.149174
87 1.1340001
88 131.51009
89 158.82088
90 35.39611
91 163.97629
92 147.66457
93 30.866
94 0.0
95 25.385368
96 30.866
97 0.0
98 114.81887
99 169.46179
100 0.0
101 1276.134
102 203.0
103 203.0
104 203.0
105 203.0
106 203.0
107 203.0
108 201.22346
109 197.42671
110 185.79288
111 180.466
112 179.41425
113 169.46179
114 169.46179
115 166.01027
116 163.97629
117 160.80336
118 160.22719
119 159.03185
120 158.82088
121 150.60896
122 147.66457
123 131.56046
124 131.54694
125 131.51009
126 126.01355
127 120.38946
128 114.81887
129 104.120804
130 103.93259
131 103.91639
132 103.86703
133 98.52627
134 93.28232
135 87.6954
136 87.60242
137 87.54455
138 55.023354
139 45.229263
140 44.155464
141 42.768375
142 38.850822
143 38.61463
144 38.61463
145 35.39611
146 33.134
147 33.134
148 33.134
149 32.534
150 32.0
151 0.0
152 34.334
153 131.21823
154 0.0
155 204.134
156 203.0
157 203.0
158 175.11182
159 0.0
160 38.61463
161 4.287477
162 93.18936
163 38.61463
164 103.93827
165 0.0
166 68.018906
167 268.134
168 0.0
169 180.20958
170 203.0
171 32.0
172 0.0
173 131.19734
174 51.523327
175 0.0
176 6.6146307
177 169.6173
178 161.09961
179 32.0
180 30.81372
181 32.0
182 33.134
183 0.0
184 32.0
185 131.48167
186 18.770737
187 109.72608
188 44.155464
189 38.61463
190 158.52168
191 33.134
192 30.866
193 131.36273
194 93.0686
195 158.85446
196 93.348526
197 82.40227
198 33.134
199 103.86703
200 6.8508253
201 1276.134
202 268.134
203 204.134
204 203.0
205 203.0
206 203.0
207 203.0
208 203.0
209 203.0
210 203.0
211 203.0
212 203.0
213 201.22346
214 197.42671
215 185.79288
216 180.466
217 180.20958
218 179.41425
219 175.11182
220 169.6173
221 169.46179
222 169.46179
223 166.01027
224 163.97629
225 161.09961
226 160.80336
227 160.22719
228 159.03185
229 158.85446
230 158.82088
231 158.52168
232 150.60896
233 147.66457
234 131.56046
235 131.54694
236 131.51009
237 131.48167
238 131.36273
239 131.21823
240 131.19734
241 126.01355
242 120.38946
243 114.81887
244 109.72608
245 104.120804
246 103.93827
247 103.93259
248 103.91639
249 103.86703
250 103.86703
251 763.0
252 17.165222
253 203.0
254 33.134
255 191.20874
256 31.999998
257 36.280632
258 82.407455
259 203.0
260 180.25781
261 93.26606
262 32.0
263 267.0
264 135.6732
265 49.520634
266 49.451633
267 203.0
268 203.0
269 30.866
270 169.46179
271 6.6146307
272 204.134
273 120.1915
274 103.8982
275 203.0
276 0.0
277 1275.0
278 14.714138
279 110.519394
280 36.280632
281 185.858
282 0.0
283 205.14326
284 38.67536
285 32.6
286 92.975624
287 153.212
288 158.85448
289 147.82523
290 147.66566
291 1.8086944
292 32.0
293 109.28589
294 31.466
295 204.134
296 203.0
297 87.615875
298 0.0
299 33.134
300 191.18942
301 1276.134
302 1275.0
303 763.0
304 268.134
305 267.0
306 205.14326
307 204.134
308 204.134
309 204.134
310 203.0
311 203.0
312 203.0
313 203.0
314 203.0
315 203.0
316 203.0
317 203.0
318 203.0
319 203.0
320 203.0
321 203.0
322 203.0
323 203.0
324 203.0
325 201.22346
326 197.42671
327 191.20874
328 191.18942
329 185.858
330 185.79288
331 180.466
332 180.25781
333 180.20958
334 179.41425
335 175.11182
336 169.6173
337 169.46179
338 169.46179
339 169.46179
340 166.01027
341 163.97629
342 161.09961
343 160.80336
344 160.22719
345 159.03185
346 158.85448
347 158.85446
348 158.82088
349 158.52168
350 153.212
351 34.334
352 30.866
353 204.134
354 34.267998
355 203.0
356 147.62897
357 147.62897
358 203.0
359 114.810905
360 78.23387
361 38.61463
362 39.98482
363 33.2
364 184.1119
365 109.468094
366 24.251366
367 190.58368
368 17.53613
369 203.0
370 29.666
371 196.74617
372 16.188244
373 203.0
374 0.0
375 38.61463
376 203.0
377 203.0
378 71.25714
379 32.0
380 180.60179
381 17.285864
382 180.25781
383 203.0
384 203.0
385 98.57042
386 87.799866
387 38.61463
388 175.09944
389 130.13974
390 45.28154
391 30.81372
392 38.850822
393 0.0
394 191.42458
395 180.3962
396 174.77878
397 169.5441
398 40.882633
399 109.55516
400 152.94496
401 1276.134
402 1275.0
403 763.0
404 268.134
405 267.0
406 205.14326
407 204.134
408 204.134
409 204.134
410 204.134
411 203.0
412 203.0
413 203.0
414 203.0
415 203.0
416 203.0
417 203.0
418 203.0
419 203.0
420 203.0
421 203.0
422 203.0
423 203.0
424 203.0
425 203.0
426 203.0
427 203.0
428 203.0
429 203.0
430 203.0
431 203.0
432 203.0
433 203.0
434 201.22346
435 197.42671
436 196.74617
437 191.42458
438 191.20874
439 191.18942
440 190.58368
441 185.858
442 185.79288
443 184.1119
444 180.60179
445 180.466
446 180.3962
447 180.25781
448 180.25781
449 180.20958
450 179.41425
451 267.0
452 203.0
453 1164.134
454 25.385366
455 185.62201
456 180.32295
457 82.436714
458 180.32295
459 109.63996
460 30.8
461 32.0
462 180.29538
463 203.0
464 267.0
465 32.6
466 92.45355
467 6.6146307
468 74.12797
469 203.0
470 6.6146307
471 158.59888
472 78.00781
473 55.031216
474 268.134
475 6.6146307
476 153.15439
477 98.674576
478 187.33093
479 33.2
480 203.0
481 0.0
482 153.19043
483 366.1195
484 28.597998
485 6.6146307
486 169.7642
487 203.0
488 60.353306
489 71.28758
490 236.38188
491 142.01376
492 163.9442
493 203.0
494 45.28946
495 59.160572
496 25.385368
497 191.18942
498 203.0
499 203.0
500 103.85894
