1 82.441956
2 125.92441
3 158.85446
4 0.0
5 38.61463
6 30.866
7 30.866
8 33.2
9 0.0
10 33.2
11 163.93513
12 0.0
13 1.2
14 163.85744
15 50.60359
16 0.0
17 82.17816
18 32.0
19 71.3582
20 49.285866
21 102.35228
22 37.48063
23 32.534
24 251.22064
25 82.2129
26 0.0
27 43.90635
28 0.0
29 26.58537
30 40.050823
31 203.0
32 32.0
33 0.0
34 186.68575
35 104.1794
36 39.814632
37 203.0
38 0.0
39 0.0
40 55.023354
41 202.36371
42 203.0
43 1.1340001
44 19.844534
45 32.0
46 0.0
47 0.0
48 0.0
49 125.746025
50 203.0
51 203.0
52 13.109003
53 25.149174
54 37.41463
55 0.0
56 0.0
57 0.0
58 44.137142
59 0.0
60 147.67516
61 32.0
62 0.0
63 0.0
64 25.385368
65 103.95689
66 0.0
67 153.2265
68 0.0
69 42.667862
70 125.673256
71 61.70918
72 0.0
73 0.0
74 123.791916
75 19.844534
76 0.0
77 203.0
78 0.0
79 38.61463
80 33.2
81 203.0
82 25.385368
83 0.0
84 203.0
85 125.95318
86 38.61463
87 0.0
88 19.844534
89 15.314139
90 33.134
91 0.0
92 203.0
93 32.0
94 25.149174
95 273.2123
96 0.0
97 0.0
98 190.1111
99 203.0
100 169.27896
101 273.2123
102 251.22064
103 203.0
104 203.0
105 203.0
106 203.0
107 203.0
108 203.0
109 203.0
110 203.0
111 203.0
112 203.0
113 202.36371
114 190.1111
115 186.68575
116 169.27896
117 163.93513
118 163.85744
119 158.85446
120 153.2265
121 147.67516
122 125.95318
123 125.92441
124 125.746025
125 125.673256
126 123.791916
127 104.1794
128 103.95689
129 102.35228
130 82.441956
131 82.2129
132 82.17816
133 71.3582
134 61.70918
135 55.023354
136 50.60359
137 49.285866
138 44.137142
139 43.90635
140 42.667862
141 40.050823
142 39.814632
143 38.61463
144 38.61463
145 38.61463
146 37.48063
147 37.41463
148 33.2
149 33.2
150 33.2
151 203.0
152 32.0
153 32.0
154 203.0
155 44.815704
156 0.0
157 164.84016
158 30.866
159 38.61463
160 203.0
161 191.02159
162 0.0
163 32.0
164 180.28098
165 136.88106
166 120.671005
167 32.0
168 169.53508
169 203.0
170 98.47854
171 38.61463
172 203.0
173 0.0
174 163.88896
175 114.75821
176 38.850822
177 164.23593
178 158.85446
179 32.0
180 0.0
181 93.37531
182 0.0
183 14.714138
184 0.0
185 18.534542
186 103.940704
187 44.155464
188 -0.95052004
189 12.73534
190 31.94772
191 33.134
192 180.3962
193 158.81789
194 33.134
195 30.866
196 0.0
197 0.0
198 32.0
199 6.6146307
200 65.91255
201 273.2123
202 251.22064
203 203.0
204 203.0
205 203.0
206 203.0
207 203.0
208 203.0
209 203.0
210 203.0
211 203.0
212 203.0
213 203.0
214 203.0
215 203.0
216 203.0
217 203.0
218 202.36371
219 191.02159
220 190.1111
221 186.68575
222 180.3962
223 180.28098
224 169.53508
225 169.27896
226 164.84016
227 164.23593
228 163.93513
229 163.88896
230 163.85744
231 158.85446
232 158.85446
233 158.81789
234 153.2265
235 147.67516
236 136.88106
237 125.95318
238 125.92441
239 125.746025
240 125.673256
241 123.791916
242 120.671005
243 114.75821
244 104.1794
245 103.95689
246 103.940704
247 102.35228
248 98.47854
249 93.37531
250 82.441956
251 203.0
252 196.9096
253 203.0
254 203.0
255 187.92282
256 204.134
257 164.06367
258 136.92737
259 33.2
260 131.13588
261 40.88263
262 39.696354
263 0.0
264 158.5628
265 203.0
266 203.0
267 1.2
268 283.0
269 203.0
270 201.866
271 61.658695
272 169.5441
273 203.0
274 39.696354
275 0.0
276 0.0
277 169.5441
278 180.3962
279 158.85446
280 49.285866
281 38.61463
282 177.07149
283 33.134
284 163.93513
285 203.0
286 14.714138
287 158.69905
288 5.00696
289 203.0
290 203.0
291 0.0
292 103.93259
293 71.09398
294 169.3256
295 13.259097
296 43.968376
297 202.3702
298 114.83373
299 204.134
300 57.72136
301 283.0
302 273.2123
303 251.22064
304 204.134
305 204.134
306 203.0
307 203.0
308 203.0
309 203.0
310 203.0
311 203.0
312 203.0
313 203.0
314 203.0
315 203.0
316 203.0
317 203.0
318 203.0
319 203.0
320 203.0
321 203.0
322 203.0
323 203.0
324 203.0
325 203.0
326 203.0
327 203.0
328 203.0
329 203.0
330 203.0
331 202.3702
332 202.36371
333 201.866
334 196.9096
335 191.02159
336 190.1111
337 187.92282
338 186.68575
339 180.3962
340 180.3962
341 180.28098
342 177.07149
343 169.5441
344 169.5441
345 169.53508
346 169.3256
347 169.27896
348 164.84016
349 164.23593
350 164.06367
351 555.0
352 0.0
353 103.99005
354 180.65344
355 0.0
356 153.27272
357 203.0
358 169.46179
359 59.206337
360 204.134
361 0.0
362 82.32305
363 203.0
364 159.70383
365 203.0
366 32.0
367 203.0
368 32.0
369 173.76901
370 158.85448
371 203.0
372 27.832285
373 203.0
374 0.0
375 203.0
376 35.34022
377 203.0
378 180.32295
379 170.45296
380 20.01105
381 1.1340001
382 204.134
383 147.62895
384 203.0
385 14.714138
386 168.4101
387 17.433187
388 65.32726
389 56.073586
390 109.72608
391 203.0
392 203.0
393 169.6173
394 196.9319
395 104.06729
396 203.0
397 44.155464
398 32.0
399 203.0
400 180.57123
401 555.0
402 283.0
403 273.2123
404 251.22064
405 204.134
406 204.134
407 204.134
408 204.134
409 203.0
410 203.0
411 203.0
412 203.0
413 203.0
414 203.0
415 203.0
416 203.0
417 203.0
418 203.0
419 203.0
420 203.0
421 203.0
422 203.0
423 203.0
424 203.0
425 203.0
426 203.0
427 203.0
428 203.0
429 203.0
430 203.0
431 203.0
432 203.0
433 203.0
434 203.0
435 203.0
436 203.0
437 203.0
438 203.0
439 203.0
440 203.0
441 203.0
442 203.0
443 203.0
444 203.0
445 203.0
446 203.0
447 202.3702
448 202.36371
449 201.866
450 196.9319
451 394.25192
452 39.98482
453 44.952354
454 163.93513
455 49.701904
456 283.0
457 203.0
458 31.4
459 130.55989
460 0.0
461 203.0
462 169.10359
463 33.186275
464 55.722023
465 147.51865
466 0.0
467 32.0
468 0.0
469 203.0
470 6.6146307
471 203.0
472 148.82895
473 114.92915
474 203.0
475 203.0
476 204.134
477 204.134
478 17.520632
479 0.0
480 203.0
481 33.134
482 138.42299
483 203.0
484 203.0
485 203.0
486 283.0
487 0.0
488 46.951866
489 203.0
490 169.5441
491 203.0
492 203.0
493 203.0
494 0.0
495 44.155464
496 164.01741
497 203.0
498 32.0
499 203.0
500 153.14674
501 555.0
502 394.25192
503 283.0
504 283.0
505 283.0
506 273.2123
507 251.22064
508 204.134
509 204.134
510 204.134
511 204.134
512 204.134
513 204.134
514 203.0
515 203.0
516 203.0
517 203.0
518 203.0
519 203.0
520 203.0
521 203.0
522 203.0
523 203.0
524 203.0
525 203.0
526 203.0
527 203.0
528 203.0
529 203.0
530 203.0
531 203.0
532 203.0
533 203.0
534 203.0
535 203.0
536 203.0
537 203.0
538 203.0
539 203.0
540 203.0
541 203.0
542 203.0
543 203.0
544 203.0
545 203.0
546 203.0
547 203.0
548 203.0
549 203.0
550 203.0
551 32.0
552 32.0
553 182.69522
554 257.52234
555 109.344215
556 62.416737
557 283.0
558 98.74723
559 203.0
560 204.134
561 0.0
562 203.0
563 203.0
564 203.0
565 55.013344
566 203.0
567 203.0
568 85.35943
569 38.61463
570 203.0
571 0.0
572 203.0
573 11.20381
574 0.0
575 3.4837008
576 203.0
577 24.19909
578 204.134
579 25.385366
580 174.96272
581 203.0
582 38.850822
583 203.0
584 109.743576
585 58.77471
586 180.32295
587 200.92136
588 203.0
589 98.47905
590 31.934
591 32.0
592 147.64038
593 180.33229
594 203.0
595 203.0
596 1.7964828
597 203.0
598 147.40553
599 204.134
600 203.0
601 555.0
602 394.25192
603 283.0
604 283.0
605 283.0
606 283.0
607 273.2123
608 257.52234
609 251.22064
610 204.134
611 204.134
612 204.134
613 204.134
614 204.134
615 204.134
616 204.134
617 204.134
618 204.134
619 203.0
620 203.0
621 203.0
622 203.0
623 203.0
624 203.0
625 203.0
626 203.0
627 203.0
628 203.0
629 203.0
630 203.0
631 203.0
632 203.0
633 203.0
634 203.0
635 203.0
636 203.0
637 203.0
638 203.0
639 203.0
640 203.0
641 203.0
642 203.0
643 203.0
644 203.0
645 203.0
646 203.0
647 203.0
648 203.0
649 203.0
650 203.0
651 203.0
652 27.224497
653 39.74863
654 37.480633
655 164.00278
656 158.4156
657 113.396355
658 203.0
659 169.5441
660 155.214
661 1.1340001
662 142.05429
663 203.0
664 204.134
665 87.53328
666 25.385368
667 191.56367
668 203.0
669 203.0
670 203.0
671 163.9763
672 347.0
673 360.12296
674 1.1340001
675 176.26099
676 48.085865
677 45.27114
678 5.7156315
679 203.0
680 45.229263
681 24.048864
682 30.865997
683 0.0
684 203.0
685 203.0
686 93.04563
687 169.47897
688 134.69449
689 0.0
690 203.0
691 29.731998
692 0.0
693 33.134
694 1.1340001
695 32.0
696 71.425705
697 33.320744
698 169.53508
699 0.0
700 203.0
701 555.0
702 394.25192
703 360.12296
704 347.0
705 283.0
706 283.0
707 283.0
708 283.0
709 273.2123
710 257.52234
711 251.22064
712 204.134
713 204.134
714 204.134
715 204.134
716 204.134
717 204.134
718 204.134
719 204.134
720 204.134
721 204.134
722 203.0
723 203.0
724 203.0
725 203.0
726 203.0
727 203.0
728 203.0
729 203.0
730 203.0
731 203.0
732 203.0
733 203.0
734 203.0
735 203.0
736 203.0
737 203.0
738 203.0
739 203.0
740 203.0
741 203.0
742 203.0
743 203.0
744 203.0
745 203.0
746 203.0
747 203.0
748 203.0
749 203.0
750 203.0
751 49.338192
752 38.61463
753 203.0
754 50.918423
755 31.934
756 0.0
757 103.92187
758 180.46646
759 103.86308
760 38.61463
761 198.18262
762 169.46179
763 36.34663
764 203.0
765 204.134
766 28.5883
767 28.582304
768 98.52627
769 33.134
770 204.134
771 203.0
772 203.0
773 203.0
774 147.62897
775 175.66946
776 203.0
777 0.0
778 204.134
779 203.0
780 32.0
781 2.579276
782 30.81372
783 0.0
784 71.15961
785 169.43376
786 174.82552
787 203.0
788 38.01463
789 0.0
790 73.864845
791 18.961948
792 203.0
793 179.78137
794 49.372433
795 203.0
796 203.0
797 45.229263
798 203.0
799 169.46179
800 144.01775
801 555.0
802 394.25192
803 360.12296
804 347.0
805 283.0
806 283.0
807 283.0
808 283.0
809 273.2123
810 257.52234
811 251.22064
812 204.134
813 204.134
814 204.134
815 204.134
816 204.134
817 204.134
818 204.134
819 204.134
820 204.134
821 204.134
822 204.134
823 204.134
824 204.134
825 203.0
826 203.0
827 203.0
828 203.0
829 203.0
830 203.0
831 203.0
832 203.0
833 203.0
834 203.0
835 203.0
836 203.0
837 203.0
838 203.0
839 203.0
840 203.0
841 203.0
842 203.0
843 203.0
844 203.0
845 203.0
846 203.0
847 203.0
848 203.0
849 203.0
850 203.0
851 283.0
852 33.134
853 203.0
854 204.134
855 30.866
856 219.91621
857 0.0
858 203.0
859 32.0
860 231.33835
861 104.29612
862 125.65255
863 98.60904
864 204.134
865 0.0
866 203.0
867 204.134
868 203.0
869 204.134
870 203.0
871 204.134
872 0.0
873 0.8468885
874 38.61463
875 32.0
876 22.030342
877 203.0
878 203.0
879 283.0
880 203.0
881 8.099507
882 204.134
883 283.0
884 203.0
885 255.77588
886 203.0
887 203.0
888 38.58544
889 395.0
890 147.72139
891 203.0
892 30.8
893 203.0
894 231.36246
895 203.0
896 0.0
897 203.0
898 0.0
899 14.714136
900 203.0
901 555.0
902 395.0
903 394.25192
904 360.12296
905 347.0
906 283.0
907 283.0
908 283.0
909 283.0
910 283.0
911 283.0
912 283.0
913 273.2123
914 257.52234
915 255.77588
916 251.22064
917 231.36246
918 231.33835
919 219.91621
920 204.134
921 204.134
922 204.134
923 204.134
924 204.134
925 204.134
926 204.134
927 204.134
928 204.134
929 204.134
930 204.134
931 204.134
932 204.134
933 204.134
934 204.134
935 204.134
936 204.134
937 204.134
938 204.134
939 203.0
940 203.0
941 203.0
942 203.0
943 203.0
944 203.0
945 203.0
946 203.0
947 203.0
948 203.0
949 203.0
950 203.0
951 60.566486
952 203.0
953 180.07959
954 0.0
955 203.0
956 56.03997
957 60.636948
958 33.134
959 0.0
960 283.0
961 204.134
962 65.64679
963 136.70511
964 64.49459
965 0.0
966 19.69634
967 203.0
968 171.98686
969 395.0
970 87.625374
971 280.732
972 203.0
973 203.0
974 203.0
975 204.134
976 196.77783
977 198.5052
978 98.40602
979 1.1340001
980 283.0
981 27.90381
982 33.134
983 0.0
984 48.194714
985 0.0
986 203.0
987 0.0
988 203.0
989 203.0
990 283.0
991 203.0
992 316.6604
993 204.134
994 203.0
995 204.134
996 24.185368
997 203.0
998 169.5441
999 203.0
1000 114.99016
1001 555.0
1002 395.0
1003 395.0
1004 394.25192
1005 360.12296
1006 347.0
1007 316.6604
1008 283.0
1009 283.0
1010 283.0
1011 283.0
1012 283.0
1013 283.0
1014 283.0
1015 283.0
1016 283.0
1017 283.0
1018 280.732
1019 273.2123
1020 257.52234
1021 255.77588
1022 251.22064
1023 231.36246
1024 231.33835
1025 219.91621
1026 204.134
1027 204.134
1028 204.134
1029 204.134
1030 204.134
1031 204.134
1032 204.134
1033 204.134
1034 204.134
1035 204.134
1036 204.134
1037 204.134
1038 204.134
1039 204.134
1040 204.134
1041 204.134
1042 204.134
1043 204.134
1044 204.134
1045 204.134
1046 204.134
1047 204.134
1048 204.134
1049 203.0
1050 203.0
1051 33.134
1052 284.134
1053 25.163294
1054 247.3185
1055 147.72139
1056 169.45236
1057 12.248463
1058 395.0
1059 87.00242
1060 283.0
1061 125.75934
1062 347.0
1063 136.83496
1064 204.134
1065 203.0
1066 32.0
1067 38.850822
1068 115.0402
1069 92.979256
1070 60.44202
1071 203.0
1072 0.0
1073 180.32703
1074 203.0
1075 886.81836
1076 203.0
1077 201.13887
1078 64.58754
1079 203.0
1080 195.75208
1081 32.0
1082 163.88896
1083 100.541435
1084 98.60904
1085 216.26797
1086 0.0
1087 203.0
1088 6.585438
1089 75.42099
1090 109.575775
1091 17.359522
1092 204.134
1093 204.134
1094 203.0
1095 283.0
1096 203.0
1097 203.0
1098 283.0
1099 203.0
1100 203.0
1101 886.81836
1102 555.0
1103 395.0
1104 395.0
1105 395.0
1106 394.25192
1107 360.12296
1108 347.0
1109 347.0
1110 316.6604
1111 284.134
1112 283.0
1113 283.0
1114 283.0
1115 283.0
1116 283.0
1117 283.0
1118 283.0
1119 283.0
1120 283.0
1121 283.0
1122 283.0
1123 283.0
1124 283.0
1125 280.732
1126 273.2123
1127 257.52234
1128 255.77588
1129 251.22064
1130 247.3185
1131 231.36246
1132 231.33835
1133 219.91621
1134 216.26797
1135 204.134
1136 204.134
1137 204.134
1138 204.134
1139 204.134
1140 204.134
1141 204.134
1142 204.134
1143 204.134
1144 204.134
1145 204.134
1146 204.134
1147 204.134
1148 204.134
1149 204.134
1150 204.134
1151 283.0
1152 42.854958
1153 387.1707
1154 205.5494
1155 203.0
1156 203.0
1157 18.770737
1158 171.60478
1159 283.0
1160 204.134
1161 203.0
1162 33.134
1163 177.29382
1164 104.055595
1165 41.88746
1166 204.134
1167 284.134
1168 203.0
1169 204.134
1170 18.644533
1171 32.0
1172 203.0
1173 38.61463
1174 283.0
1175 203.0
1176 120.324814
1177 108.40084
1178 203.0
1179 114.92915
1180 203.0
1181 14.510675
1182 203.0
1183 283.0
1184 39.800907
1185 203.0
1186 71.17241
1187 0.0
1188 49.701904
1189 0.0
1190 203.0
1191 174.79817
1192 203.0
1193 9.159713
1194 154.76096
1195 42.854958
1196 17.442293
1197 125.922615
1198 207.60515
1199 203.0
1200 395.0
1201 886.81836
1202 555.0
1203 395.0
1204 395.0
1205 395.0
1206 395.0
1207 394.25192
1208 387.1707
1209 360.12296
1210 347.0
1211 347.0
1212 316.6604
1213 284.134
1214 284.134
1215 283.0
1216 283.0
1217 283.0
1218 283.0
1219 283.0
1220 283.0
1221 283.0
1222 283.0
1223 283.0
1224 283.0
1225 283.0
1226 283.0
1227 283.0
1228 283.0
1229 283.0
1230 283.0
1231 283.0
1232 280.732
1233 273.2123
1234 257.52234
1235 255.77588
1236 251.22064
1237 247.3185
1238 231.36246
1239 231.33835
1240 219.91621
1241 216.26797
1242 207.60515
1243 205.5494
1244 204.134
1245 204.134
1246 204.134
1247 204.134
1248 204.134
1249 204.134
1250 204.134
1251 555.0
1252 0.0
1253 203.0
1254 204.134
1255 348.134
1256 283.0
1257 38.61463
1258 283.0
1259 203.0
1260 203.0
1261 204.134
1262 204.134
1263 204.134
1264 283.0
1265 283.0
1266 395.0
1267 130.3017
1268 190.81575
1269 204.134
1270 71.48957
1271 34.267998
1272 43.968376
1273 6.6146307
1274 155.96048
1275 395.0
1276 161.16606
1277 203.0
1278 203.0
1279 50.419865
1280 98.543495
1281 212.62737
1282 162.11852
1283 203.0
1284 395.0
1285 203.0
1286 0.0
1287 0.0
1288 273.00378
1289 203.0
1290 203.0
1291 203.0
1292 37.480633
1293 0.0
1294 204.134
1295 191.73454
1296 203.0
1297 32.0
1298 114.97894
1299 203.0
1300 283.0
1301 886.81836
1302 555.0
1303 555.0
1304 395.0
1305 395.0
1306 395.0
1307 395.0
1308 395.0
1309 395.0
1310 395.0
1311 394.25192
1312 387.1707
1313 360.12296
1314 348.134
1315 347.0
1316 347.0
1317 316.6604
1318 284.134
1319 284.134
1320 283.0
1321 283.0
1322 283.0
1323 283.0
1324 283.0
1325 283.0
1326 283.0
1327 283.0
1328 283.0
1329 283.0
1330 283.0
1331 283.0
1332 283.0
1333 283.0
1334 283.0
1335 283.0
1336 283.0
1337 283.0
1338 283.0
1339 283.0
1340 283.0
1341 283.0
1342 280.732
1343 273.2123
1344 273.00378
1345 257.52234
1346 255.77588
1347 251.22064
1348 247.3185
1349 231.36246
1350 231.33835
1351 395.0
1352 283.0
1353 683.0
1354 203.0
1355 267.88107
1356 284.134
1357 25.385368
1358 203.0
1359 203.0
1360 2.2680001
1361 56.298462
1362 131.35352
1363 203.0
1364 348.134
1365 203.0
1366 203.0
1367 278.46872
1368 203.0
1369 203.0
1370 204.134
1371 203.0
1372 203.0
1373 204.134
1374 302.4408
1375 33.134
1376 203.0
1377 203.0
1378 60.343292
1379 0.0
1380 203.0
1381 347.0
1382 0.0
1383 203.0
1384 283.0
1385 283.0
1386 347.0
1387 30.866
1388 203.0
1389 202.09235
1390 38.61463
1391 7.2573977
1392 47.63378
1393 33.2
1394 203.0
1395 211.63998
1396 283.0
1397 38.850822
1398 0.0
1399 203.0
1400 244.76227
1401 886.81836
1402 683.0
1403 555.0
1404 555.0
1405 395.0
1406 395.0
1407 395.0
1408 395.0
1409 395.0
1410 395.0
1411 395.0
1412 395.0
1413 394.25192
1414 387.1707
1415 360.12296
1416 348.134
1417 348.134
1418 347.0
1419 347.0
1420 347.0
1421 347.0
1422 316.6604
1423 302.4408
1424 284.134
1425 284.134
1426 284.134
1427 283.0
1428 283.0
1429 283.0
1430 283.0
1431 283.0
1432 283.0
1433 283.0
1434 283.0
1435 283.0
1436 283.0
1437 283.0
1438 283.0
1439 283.0
1440 283.0
1441 283.0
1442 283.0
1443 283.0
1444 283.0
1445 283.0
1446 283.0
1447 283.0
1448 283.0
1449 283.0
1450 283.0
1451 395.0
1452 323.90106
1453 393.6395
1454 72.29257
1455 203.0
1456 395.0
1457 585.73346
1458 109.468094
1459 203.0
1460 203.0
1461 348.134
1462 71.23243
1463 45.25056
1464 203.0
1465 265.65656
1466 203.0
1467 699.0
1468 0.0
1469 284.134
1470 203.0
1471 203.0
1472 0.89695644
1473 203.0
1474 347.0
1475 203.0
1476 184.5879
1477 283.0
1478 160.9717
1479 104.06598
1480 203.0
1481 71.19409
1482 109.727356
1483 203.0
1484 203.0
1485 2.7432601
1486 203.0
1487 13.324272
1488 203.0
1489 191.20215
1490 203.0
1491 204.134
1492 204.768
1493 0.0
1494 120.20117
1495 115.06898
1496 203.0
1497 203.0
1498 28.483011
1499 33.134
1500 203.0
