1 25.385368
2 98.46646
3 203.0
4 38.850822
5 0.0
6 6.585438
7 32.0
8 32.534
9 203.0
10 0.0
11 0.0
12 93.39352
13 30.866
14 0.0
15 32.0
16 30.866
17 49.285866
18 38.61463
19 38.61463
20 0.0
21 0.0
22 56.320576
23 25.149174
24 93.37531
25 164.16272
26 0.0
27 114.81887
28 203.0
29 0.0
30 25.385368
31 29.666
32 43.84075
33 25.385368
34 29.731998
35 60.428356
36 39.74863
37 0.0
38 32.0
39 104.00625
40 109.71246
41 3.7264462
42 0.0
43 30.866
44 0.0
45 0.0
46 109.344215
47 0.0
48 33.134
49 32.0
50 30.866
51 0.0
52 204.134
53 39.71944
54 136.60182
55 0.0
56 0.0
57 45.465454
58 196.67796
59 0.0
60 0.0
61 20.01105
62 180.43864
63 203.0
64 0.0
65 0.0
66 203.0
67 203.0
68 158.40254
69 125.76571
70 1.2
71 0.0
72 0.0
73 30.866
74 19.844534
75 33.134
76 32.534
77 158.76202
78 25.385368
79 0.0
80 203.03441
81 103.86703
82 33.134
83 37.664543
84 98.67192
85 203.0
86 0.0
87 2.2680001
88 204.134
89 76.61744
90 175.19388
91 0.0
92 9.207795
93 203.0
94 3.7513592
95 32.0
96 245.76933
97 13.358276
98 98.76545
99 7.863309
100 1.1340001
101 245.76933
102 204.134
103 204.134
104 203.03441
105 203.0
106 203.0
107 203.0
108 203.0
109 203.0
110 203.0
111 203.0
112 203.0
113 196.67796
114 180.43864
115 175.19388
116 164.16272
117 158.76202
118 158.40254
119 136.60182
120 125.76571
121 114.81887
122 109.71246
123 109.344215
124 104.00625
125 103.86703
126 98.76545
127 98.67192
128 98.46646
129 93.39352
130 93.37531
131 76.61744
132 60.428356
133 56.320576
134 49.285866
135 45.465454
136 43.84075
137 39.74863
138 39.71944
139 38.850822
140 38.61463
141 38.61463
142 37.664543
143 33.134
144 33.134
145 33.134
146 32.534
147 32.534
148 32.0
149 32.0
150 32.0
151 125.92876
152 396.74564
153 38.61463
154 1.1340001
155 32.0
156 203.0
157 204.134
158 38.61463
159 397.17178
160 185.96939
161 33.134
162 195.79808
163 38.61463
164 0.0
165 38.61463
166 119.87844
167 147.62895
168 203.0
169 133.6786
170 0.0
171 0.0
172 203.0
173 38.61463
174 114.760544
175 120.63535
176 0.0
177 153.27272
178 158.69907
179 204.134
180 0.0
181 203.0
182 55.01313
183 115.17408
184 193.91966
185 93.37531
186 169.38864
187 35.03042
188 180.39821
189 203.0
190 25.385368
191 30.8
192 169.6173
193 38.61463
194 0.0
195 196.99808
196 48.03296
197 180.25781
198 203.0
199 30.866
200 20.01105
201 397.17178
202 396.74564
203 245.76933
204 204.134
205 204.134
206 204.134
207 204.134
208 203.03441
209 203.0
210 203.0
211 203.0
212 203.0
213 203.0
214 203.0
215 203.0
216 203.0
217 203.0
218 203.0
219 203.0
220 203.0
221 203.0
222 203.0
223 196.99808
224 196.67796
225 195.79808
226 193.91966
227 185.96939
228 180.43864
229 180.39821
230 180.25781
231 175.19388
232 169.6173
233 169.38864
234 164.16272
235 158.76202
236 158.69907
237 158.40254
238 153.27272
239 147.62895
240 136.60182
241 133.6786
242 125.92876
243 125.76571
244 120.63535
245 119.87844
246 115.17408
247 114.81887
248 114.760544
249 109.71246
250 109.344215
251 185.76245
252 39.71944
253 71.174835
254 114.87079
255 93.21744
256 204.134
257 204.134
258 6.6146307
259 203.0
260 82.169785
261 203.0
262 0.0
263 38.850822
264 109.37067
265 33.134
266 33.134
267 203.0
268 87.59094
269 152.96016
270 25.385368
271 203.0
272 390.5435
273 142.00809
274 0.0
275 203.0
276 38.58544
277 2.2680001
278 203.0
279 164.1838
280 25.385368
281 26.58537
282 158.44577
283 32.0
284 203.0
285 169.53508
286 158.78128
287 45.27114
288 24.251368
289 30.866
290 152.99113
291 203.0
292 158.66208
293 20.01105
294 103.91639
295 8.8111315
296 87.7204
297 203.0
298 104.00625
299 33.134
300 33.134
301 397.17178
302 396.74564
303 390.5435
304 245.76933
305 204.134
306 204.134
307 204.134
308 204.134
309 204.134
310 204.134
311 203.03441
312 203.0
313 203.0
314 203.0
315 203.0
316 203.0
317 203.0
318 203.0
319 203.0
320 203.0
321 203.0
322 203.0
323 203.0
324 203.0
325 203.0
326 203.0
327 203.0
328 203.0
329 203.0
330 203.0
331 203.0
332 203.0
333 203.0
334 203.0
335 196.99808
336 196.67796
337 195.79808
338 193.91966
339 185.96939
340 185.76245
341 180.43864
342 180.39821
343 180.25781
344 175.19388
345 169.6173
346 169.53508
347 169.38864
348 164.1838
349 164.16272
350 158.78128
351 203.0
352 203.0
353 203.0
354 0.0
355 82.4303
356 38.850822
357 203.0
358 403.42902
359 0.0
360 203.0
361 203.0
362 203.0
363 203.0
364 203.0
365 185.80634
366 44.303658
367 204.134
368 38.61463
369 34.267998
370 50.485867
371 203.0
372 109.72608
373 30.866
374 6.6146307
375 203.0
376 19.69634
377 30.866
378 203.0
379 33.134
380 43.84075
381 203.0
382 204.134
383 229.74384
384 0.0
385 203.0
386 203.0
387 203.0
388 203.0
389 39.74863
390 0.0
391 0.0
392 146.80283
393 39.74863
394 203.0
395 135.88264
396 33.2
397 49.38217
398 159.98637
399 42.854958
400 169.47897
401 403.42902
402 397.17178
403 396.74564
404 390.5435
405 245.76933
406 229.74384
407 204.134
408 204.134
409 204.134
410 204.134
411 204.134
412 204.134
413 204.134
414 204.134
415 203.03441
416 203.0
417 203.0
418 203.0
419 203.0
420 203.0
421 203.0
422 203.0
423 203.0
424 203.0
425 203.0
426 203.0
427 203.0
428 203.0
429 203.0
430 203.0
431 203.0
432 203.0
433 203.0
434 203.0
435 203.0
436 203.0
437 203.0
438 203.0
439 203.0
440 203.0
441 203.0
442 203.0
443 203.0
444 203.0
445 203.0
446 203.0
447 203.0
448 203.0
449 203.0
450 203.0
451 38.61463
452 203.0
453 204.134
454 203.0
455 120.337555
456 77.77162
457 0.0
458 38.61463
459 204.134
460 19.09634
461 0.0
462 0.0
463 84.0345
464 203.0
465 6.6146307
466 98.78645
467 203.0
468 200.55052
469 2.2680001
470 30.918278
471 203.0
472 45.229263
473 121.75833
474 203.0
475 9.104014
476 59.05904
477 0.0
478 21.328766
479 33.134
480 153.16454
481 203.0
482 202.40941
483 25.385368
484 33.320744
485 400.1767
486 142.38469
487 203.0
488 203.03365
489 203.0
490 203.0
491 38.850822
492 142.05429
493 159.93373
494 203.0
495 100.56671
496 203.0
497 38.850822
498 392.68628
499 0.0
500 153.387
501 403.42902
502 400.1767
503 397.17178
504 396.74564
505 392.68628
506 390.5435
507 245.76933
508 229.74384
509 204.134
510 204.134
511 204.134
512 204.134
513 204.134
514 204.134
515 204.134
516 204.134
517 204.134
518 204.134
519 203.03441
520 203.03365
521 203.0
522 203.0
523 203.0
524 203.0
525 203.0
526 203.0
527 203.0
528 203.0
529 203.0
530 203.0
531 203.0
532 203.0
533 203.0
534 203.0
535 203.0
536 203.0
537 203.0
538 203.0
539 203.0
540 203.0
541 203.0
542 203.0
543 203.0
544 203.0
545 203.0
546 203.0
547 203.0
548 203.0
549 203.0
550 203.0
551 316.7807
552 203.0
553 218.49564
554 203.0
555 203.0
556 50.751774
557 34.267998
558 33.320744
559 204.134
560 203.0
561 399.78604
562 203.0
563 204.134
564 203.0
565 203.0
566 31.933998
567 158.3737
568 94.480286
569 203.0
570 1.1340001
571 204.134
572 99.58982
573 204.134
574 136.90343
575 93.07295
576 203.0
577 203.0
578 667.0
579 52.078323
580 389.8041
581 32.0
582 0.0
583 131.28493
584 35.99611
585 183.66678
586 40.390514
587 33.320744
588 38.61463
589 203.0
590 203.0
591 203.0
592 32.0
593 147.88553
594 203.0
595 0.0
596 180.3962
597 203.0
598 203.0
599 21.098753
600 174.93437
601 667.0
602 403.42902
603 400.1767
604 399.78604
605 397.17178
606 396.74564
607 392.68628
608 390.5435
609 389.8041
610 316.7807
611 245.76933
612 229.74384
613 218.49564
614 204.134
615 204.134
616 204.134
617 204.134
618 204.134
619 204.134
620 204.134
621 204.134
622 204.134
623 204.134
624 204.134
625 204.134
626 204.134
627 204.134
628 203.03441
629 203.03365
630 203.0
631 203.0
632 203.0
633 203.0
634 203.0
635 203.0
636 203.0
637 203.0
638 203.0
639 203.0
640 203.0
641 203.0
642 203.0
643 203.0
644 203.0
645 203.0
646 203.0
647 203.0
648 203.0
649 203.0
650 203.0
651 38.61463
652 204.134
653 29.474342
654 389.04865
655 203.0
656 30.866
657 30.8
658 203.0
659 30.866
660 191.5114
661 180.30382
662 203.0
663 218.61638
664 203.0
665 114.94428
666 386.50092
667 203.0
668 191.9097
669 38.61463
670 204.134
671 203.0
672 0.0
673 98.73858
674 203.0
675 397.82114
676 204.134
677 70.22717
678 203.0
679 1.1340001
680 32.0
681 203.0
682 98.36774
683 32.0
684 32.0
685 32.0
686 131.4648
687 93.183914
688 203.0
689 116.99606
690 203.0
691 49.403244
692 33.134
693 181.60342
694 37.428352
695 203.0
696 204.134
697 203.0
698 93.37531
699 203.0
700 203.0
701 667.0
702 403.42902
703 400.1767
704 399.78604
705 397.82114
706 397.17178
707 396.74564
708 392.68628
709 390.5435
710 389.8041
711 389.04865
712 386.50092
713 316.7807
714 245.76933
715 229.74384
716 218.61638
717 218.49564
718 204.134
719 204.134
720 204.134
721 204.134
722 204.134
723 204.134
724 204.134
725 204.134
726 204.134
727 204.134
728 204.134
729 204.134
730 204.134
731 204.134
732 204.134
733 204.134
734 204.134
735 204.134
736 203.03441
737 203.03365
738 203.0
739 203.0
740 203.0
741 203.0
742 203.0
743 203.0
744 203.0
745 203.0
746 203.0
747 203.0
748 203.0
749 203.0
750 203.0
751 203.0
752 267.74683
753 365.31308
754 125.67537
755 43.350246
756 203.0
757 203.0
758 403.45447
759 191.18942
760 203.07346
761 83.19853
762 0.0
763 203.0
764 40.94863
765 203.0
766 32.0
767 45.229263
768 19.959995
769 173.85425
770 203.0
771 43.501156
772 203.0
773 6.5940433
774 391.53033
775 0.0
776 204.134
777 204.134
778 203.0
779 381.98166
780 25.385368
781 203.0
782 61.40754
783 1.1340001
784 30.866
785 0.0
786 203.0
787 1.1340001
788 203.0
789 33.2
790 203.0
791 203.0
792 203.0
793 203.0
794 203.0
795 87.60242
796 0.0
797 28.38947
798 411.0
799 203.0
800 58.368946
801 667.0
802 411.0
803 403.45447
804 403.42902
805 400.1767
806 399.78604
807 397.82114
808 397.17178
809 396.74564
810 392.68628
811 391.53033
812 390.5435
813 389.8041
814 389.04865
815 386.50092
816 381.98166
817 365.31308
818 316.7807
819 267.74683
820 245.76933
821 229.74384
822 218.61638
823 218.49564
824 204.134
825 204.134
826 204.134
827 204.134
828 204.134
829 204.134
830 204.134
831 204.134
832 204.134
833 204.134
834 204.134
835 204.134
836 204.134
837 204.134
838 204.134
839 204.134
840 204.134
841 204.134
842 204.134
843 204.134
844 203.07346
845 203.03441
846 203.03365
847 203.0
848 203.0
849 203.0
850 203.0
851 507.0
852 180.50156
853 31.4
854 37.487476
855 203.0
856 86.83773
857 204.134
858 203.0
859 191.10056
860 203.0
861 387.11313
862 203.0
863 104.16792
864 203.0
865 203.0
866 377.49
867 359.3461
868 203.0
869 37.487476
870 32.0
871 203.0
872 6.7621717
873 10.164171
874 203.0
875 31.4
876 25.385368
877 397.2775
878 71.16245
879 203.0
880 33.134
881 29.731998
882 203.0
883 204.134
884 203.0
885 0.0
886 204.134
887 203.0
888 138.18404
889 76.82878
890 203.0
891 203.0
892 203.0
893 136.63568
894 6.6146307
895 34.454742
896 257.09912
897 33.320744
898 204.134
899 202.49585
900 203.0
901 667.0
902 507.0
903 411.0
904 403.45447
905 403.42902
906 400.1767
907 399.78604
908 397.82114
909 397.2775
910 397.17178
911 396.74564
912 392.68628
913 391.53033
914 390.5435
915 389.8041
916 389.04865
917 387.11313
918 386.50092
919 381.98166
920 377.49
921 365.31308
922 359.3461
923 316.7807
924 267.74683
925 257.09912
926 245.76933
927 229.74384
928 218.61638
929 218.49564
930 204.134
931 204.134
932 204.134
933 204.134
934 204.134
935 204.134
936 204.134
937 204.134
938 204.134
939 204.134
940 204.134
941 204.134
942 204.134
943 204.134
944 204.134
945 204.134
946 204.134
947 204.134
948 204.134
949 204.134
950 204.134
951 43.988956
952 204.134
953 191.20558
954 203.0
955 203.0
956 203.0
957 381.06845
958 411.0
959 38.61463
960 203.0
961 203.0
962 203.0
963 225.31152
964 0.0
965 9.702316
966 203.0
967 410.711
968 71.29705
969 390.17963
970 204.134
971 19.82012
972 194.9795
973 203.0
974 203.0
975 203.0
976 87.59094
977 203.0
978 203.0
979 32.0
980 40.85344
981 33.134
982 204.134
983 120.337555
984 32.0
985 25.149174
986 86.64414
987 87.54263
988 136.92737
989 38.61463
990 169.6666
991 379.7258
992 3.2185202
993 56.157356
994 80.30053
995 203.0
996 204.134
997 203.0
998 30.8
999 203.0
1000 204.134
1001 667.0
1002 507.0
1003 411.0
1004 411.0
1005 410.711
1006 403.45447
1007 403.42902
1008 400.1767
1009 399.78604
1010 397.82114
1011 397.2775
1012 397.17178
1013 396.74564
1014 392.68628
1015 391.53033
1016 390.5435
1017 390.17963
1018 389.8041
1019 389.04865
1020 387.11313
1021 386.50092
1022 381.98166
1023 381.06845
1024 379.7258
1025 377.49
1026 365.31308
1027 359.3461
1028 316.7807
1029 267.74683
1030 257.09912
1031 245.76933
1032 229.74384
1033 225.31152
1034 218.61638
1035 218.49564
1036 204.134
1037 204.134
1038 204.134
1039 204.134
1040 204.134
1041 204.134
1042 204.134
1043 204.134
1044 204.134
1045 204.134
1046 204.134
1047 204.134
1048 204.134
1049 204.134
1050 204.134
1051 60.297047
1052 204.134
1053 203.0
1054 164.1306
1055 203.0
1056 203.0
1057 109.344215
1058 204.134
1059 392.9204
1060 204.134
1061 409.7847
1062 33.134
1063 262.32175
1064 203.0
1065 203.0
1066 203.0
1067 38.58544
1068 153.27272
1069 154.047
1070 204.134
1071 0.0
1072 49.691574
1073 147.65811
1074 88.983345
1075 258.75616
1076 204.134
1077 31.999998
1078 203.0
1079 391.4258
1080 389.31186
1081 109.575775
1082 38.61463
1083 219.75267
1084 32.0
1085 203.0
1086 37.48063
1087 203.0
1088 0.0
1089 203.0
1090 203.0
1091 103.86703
1092 406.12115
1093 203.0
1094 203.0
1095 203.0
1096 203.0
1097 394.02484
1098 203.0
1099 390.0201
1100 204.134
1101 667.0
1102 507.0
1103 411.0
1104 411.0
1105 410.711
1106 409.7847
1107 406.12115
1108 403.45447
1109 403.42902
1110 400.1767
1111 399.78604
1112 397.82114
1113 397.2775
1114 397.17178
1115 396.74564
1116 394.02484
1117 392.9204
1118 392.68628
1119 391.53033
1120 391.4258
1121 390.5435
1122 390.17963
1123 390.0201
1124 389.8041
1125 389.31186
1126 389.04865
1127 387.11313
1128 386.50092
1129 381.98166
1130 381.06845
1131 379.7258
1132 377.49
1133 365.31308
1134 359.3461
1135 316.7807
1136 267.74683
1137 262.32175
1138 258.75616
1139 257.09912
1140 245.76933
1141 229.74384
1142 225.31152
1143 219.75267
1144 218.61638
1145 218.49564
1146 204.134
1147 204.134
1148 204.134
1149 204.134
1150 204.134
1151 203.0
1152 43.988956
1153 411.16696
1154 30.564903
1155 385.67157
1156 149.55132
1157 203.0
1158 203.0
1159 202.15527
1160 402.38632
1161 26.335451
1162 203.0
1163 403.83588
1164 203.0
1165 32.0
1166 203.0
1167 142.28009
1168 203.0
1169 45.437656
1170 178.88615
1171 32.0
1172 226.14516
1173 203.0
1174 203.0
1175 50.28731
1176 203.0
1177 104.10862
1178 0.0
1179 49.609222
1180 147.5467
1181 47.34724
1182 204.134
1183 203.0
1184 356.62592
1185 203.0
1186 203.0
1187 0.0
1188 76.978065
1189 104.02066
1190 145.4121
1191 229.37862
1192 149.35481
1193 119.80989
1194 186.04276
1195 32.0
1196 204.134
1197 203.0
1198 204.134
1199 203.0
1200 203.0
1201 667.0
1202 507.0
1203 411.16696
1204 411.0
1205 411.0
1206 410.711
1207 409.7847
1208 406.12115
1209 403.83588
1210 403.45447
1211 403.42902
1212 402.38632
1213 400.1767
1214 399.78604
1215 397.82114
1216 397.2775
1217 397.17178
1218 396.74564
1219 394.02484
1220 392.9204
1221 392.68628
1222 391.53033
1223 391.4258
1224 390.5435
1225 390.17963
1226 390.0201
1227 389.8041
1228 389.31186
1229 389.04865
1230 387.11313
1231 386.50092
1232 385.67157
1233 381.98166
1234 381.06845
1235 379.7258
1236 377.49
1237 365.31308
1238 359.3461
1239 356.62592
1240 316.7807
1241 267.74683
1242 262.32175
1243 258.75616
1244 257.09912
1245 245.76933
1246 229.74384
1247 229.37862
1248 226.14516
1249 225.31152
1250 219.75267
1251 164.1494
1252 199.7815
1253 203.0
1254 55.763462
1255 50.032993
1256 203.0
1257 385.91757
1258 125.65059
1259 203.0
1260 31.4
1261 411.0
1262 203.0
1263 203.0
1264 44.137142
1265 204.134
1266 410.0653
1267 43.968376
1268 411.6
1269 203.0
1270 0.0
1271 0.0
1272 202.11548
1273 203.0
1274 180.32295
1275 45.436264
1276 203.0
1277 26.625683
1278 384.80942
1279 388.4873
1280 406.3393
1281 19.844534
1282 204.134
1283 203.0
1284 411.0
1285 203.0
1286 203.0
1287 203.0
1288 395.13968
1289 204.134
1290 203.0
1291 60.43477
1292 203.0
1293 100.62606
1294 269.54965
1295 186.08206
1296 203.0
1297 186.08115
1298 77.77708
1299 203.0
1300 60.325115
1301 667.0
1302 507.0
1303 411.6
1304 411.16696
1305 411.0
1306 411.0
1307 411.0
1308 411.0
1309 410.711
1310 410.0653
1311 409.7847
1312 406.3393
1313 406.12115
1314 403.83588
1315 403.45447
1316 403.42902
1317 402.38632
1318 400.1767
1319 399.78604
1320 397.82114
1321 397.2775
1322 397.17178
1323 396.74564
1324 395.13968
1325 394.02484
1326 392.9204
1327 392.68628
1328 391.53033
1329 391.4258
1330 390.5435
1331 390.17963
1332 390.0201
1333 389.8041
1334 389.31186
1335 389.04865
1336 388.4873
1337 387.11313
1338 386.50092
1339 385.91757
1340 385.67157
1341 384.80942
1342 381.98166
1343 381.06845
1344 379.7258
1345 377.49
1346 365.31308
1347 359.3461
1348 356.62592
1349 316.7807
1350 269.54965
1351 192.97795
1352 203.0
1353 204.134
1354 204.134
1355 43.968376
1356 203.0
1357 400.34082
1358 203.0
1359 191.36751
1360 203.0
1361 201.866
1362 401.6329
1363 32.0
1364 203.0
1365 203.0
1366 60.193043
1367 203.0
1368 204.134
1369 65.6644
1370 204.134
1371 203.0
1372 203.0
1373 104.29611
1374 203.0
1375 203.0
1376 203.0
1377 50.83609
1378 125.9006
1379 61.810066
1380 203.0
1381 391.31076
1382 204.134
1383 203.0
1384 191.16414
1385 203.0
1386 203.0
1387 371.20767
1388 50.28731
1389 204.134
1390 387.16266
1391 204.134
1392 263.39978
1393 174.11787
1394 104.11649
1395 388.85657
1396 203.0
1397 204.134
1398 148.45354
1399 50.6109
1400 204.134
1401 667.0
1402 507.0
1403 411.6
1404 411.16696
1405 411.0
1406 411.0
1407 411.0
1408 411.0
1409 410.711
1410 410.0653
1411 409.7847
1412 406.3393
1413 406.12115
1414 403.83588
1415 403.45447
1416 403.42902
1417 402.38632
1418 401.6329
1419 400.34082
1420 400.1767
1421 399.78604
1422 397.82114
1423 397.2775
1424 397.17178
1425 396.74564
1426 395.13968
1427 394.02484
1428 392.9204
1429 392.68628
1430 391.53033
1431 391.4258
1432 391.31076
1433 390.5435
1434 390.17963
1435 390.0201
1436 389.8041
1437 389.31186
1438 389.04865
1439 388.85657
1440 388.4873
1441 387.16266
1442 387.11313
1443 386.50092
1444 385.91757
1445 385.67157
1446 384.80942
1447 381.98166
1448 381.06845
1449 379.7258
1450 377.49
1451 409.866
1452 203.0
1453 32.0
1454 204.134
1455 203.0
1456 411.0
1457 32.0
1458 389.64404
1459 169.27585
1460 384.59573
1461 37.116825
1462 103.86703
1463 49.286133
1464 391.92023
1465 203.0
1466 203.0
1467 203.0
1468 203.0
1469 203.0
1470 388.70242
1471 203.0
1472 386.37454
1473 203.0
1474 203.0
1475 60.384167
1476 204.134
1477 203.0
1478 0.0
1479 388.6508
1480 176.72728
1481 204.134
1482 86.26899
1483 169.6173
1484 255.16325
1485 204.134
1486 507.0
1487 203.0
1488 508.134
1489 32.236195
1490 166.07259
1491 395.598
1492 398.15088
1493 60.570683
1494 204.134
1495 405.01343
1496 203.0
1497 65.018974
1498 398.15152
1499 294.946
1500 60.19414
