1 33.134
2 0.0
3 174.49417
4 93.37531
5 125.69838
6 0.0
7 32.0
8 203.0
9 38.61463
10 81.861115
11 93.37531
12 38.61463
13 1.1340001
14 38.61463
15 33.134
16 158.76717
17 14.714138
18 7.9356213
19 0.0
20 203.0
21 44.137142
22 0.0
23 163.88896
24 0.0
25 0.0
26 38.850822
27 32.0
28 0.0
29 203.0
30 92.9539
31 39.98482
32 203.0
33 0.0
34 9.094022
35 33.2
36 30.866
37 0.0
38 109.344215
39 203.0
40 30.866
41 0.0
42 49.285866
43 203.0
44 169.6173
45 203.0
46 29.731998
47 20.031622
48 0.0
49 203.0
50 33.134
51 33.134
52 0.0
53 0.0
54 203.0
55 65.89636
56 267.0
57 4.770984
58 197.7378
59 38.61463
60 98.682686
61 204.134
62 204.134
63 104.00625
64 0.0
65 30.866
66 147.81236
67 4.81739
68 1.1340001
69 45.122955
70 25.385368
71 25.385368
72 0.0
73 31.4
74 25.385368
75 38.61463
76 85.86842
77 204.134
78 0.0
79 103.940704
80 180.32295
81 27.11937
82 1419.0
83 87.60242
84 17.334541
85 169.6173
86 0.0
87 33.134
88 2.9739456
89 158.78128
90 203.0
91 0.0
92 33.134
93 28.679905
94 92.9759
95 203.0
96 203.0
97 38.61463
98 0.0
99 203.0
100 107.03728
101 1419.0
102 267.0
103 204.134
104 204.134
105 204.134
106 203.0
107 203.0
108 203.0
109 203.0
110 203.0
111 203.0
112 203.0
113 203.0
114 203.0
115 203.0
116 203.0
117 203.0
118 203.0
119 197.7378
120 180.32295
121 174.49417
122 169.6173
123 169.6173
124 163.88896
125 158.78128
126 158.76717
127 147.81236
128 125.69838
129 109.344215
130 107.03728
131 104.00625
132 103.940704
133 98.682686
134 93.37531
135 93.37531
136 92.9759
137 92.9539
138 87.60242
139 85.86842
140 81.861115
141 65.89636
142 49.285866
143 45.122955
144 44.137142
145 39.98482
146 38.850822
147 38.61463
148 38.61463
149 38.61463
150 38.61463
151 1.1340001
152 87.74093
153 125.79674
154 204.134
155 63.392925
156 203.0
157 191.15433
158 0.0
159 44.155464
160 203.0
161 125.673225
162 234.8057
163 37.58633
164 38.61463
165 0.0
166 76.5568
167 18.770737
168 145.43494
169 67.56372
170 158.86359
171 267.7804
172 203.0
173 26.58537
174 153.27272
175 98.59894
176 0.0
177 115.022736
178 0.0
179 203.0
180 30.81372
181 0.0
182 32.0
183 38.250824
184 87.66193
185 1.1340001
186 44.155464
187 98.682686
188 32.0
189 109.72608
190 38.61463
191 39.98482
192 114.92915
193 44.137142
194 0.0
195 39.98482
196 98.76545
197 38.58544
198 87.8733
199 0.0
200 0.0
201 1419.0
202 267.7804
203 267.0
204 234.8057
205 204.134
206 204.134
207 204.134
208 204.134
209 203.0
210 203.0
211 203.0
212 203.0
213 203.0
214 203.0
215 203.0
216 203.0
217 203.0
218 203.0
219 203.0
220 203.0
221 203.0
222 203.0
223 203.0
224 203.0
225 203.0
226 197.7378
227 191.15433
228 180.32295
229 174.49417
230 169.6173
231 169.6173
232 163.88896
233 158.86359
234 158.78128
235 158.76717
236 153.27272
237 147.81236
238 145.43494
239 125.79674
240 125.69838
241 125.673225
242 115.022736
243 114.92915
244 109.72608
245 109.344215
246 107.03728
247 104.00625
248 103.940704
249 98.76545
250 98.682686
251 204.134
252 203.0
253 32.0
254 109.395355
255 0.0
256 203.0
257 98.72334
258 125.85973
259 203.0
260 204.134
261 24.785368
262 24.185368
263 163.71074
264 177.03424
265 6.6146307
266 0.0
267 0.0
268 203.0
269 0.0
270 203.0
271 33.134
272 203.0
273 30.866
274 187.06918
275 203.0
276 203.0
277 98.62109
278 24.251366
279 158.63586
280 33.134
281 180.32295
282 6.8508253
283 153.31891
284 180.25781
285 38.61463
286 93.04563
287 0.0
288 203.0
289 103.84101
290 203.0
291 87.6954
292 164.24368
293 130.91745
294 131.555
295 98.60904
296 0.0
297 93.30167
298 203.0
299 31.4
300 104.07989
301 1419.0
302 267.7804
303 267.0
304 234.8057
305 204.134
306 204.134
307 204.134
308 204.134
309 204.134
310 204.134
311 203.0
312 203.0
313 203.0
314 203.0
315 203.0
316 203.0
317 203.0
318 203.0
319 203.0
320 203.0
321 203.0
322 203.0
323 203.0
324 203.0
325 203.0
326 203.0
327 203.0
328 203.0
329 203.0
330 203.0
331 203.0
332 203.0
333 203.0
334 203.0
335 203.0
336 203.0
337 203.0
338 203.0
339 197.7378
340 191.15433
341 187.06918
342 180.32295
343 180.32295
344 180.25781
345 177.03424
346 174.49417
347 169.6173
348 169.6173
349 164.24368
350 163.88896
351 0.0
352 44.303658
353 203.0
354 203.0
355 265.4185
356 32.0
357 267.0
358 203.0
359 203.0
360 474.95065
361 15.848136
362 0.0
363 0.23500115
364 0.0
365 93.37531
366 189.993
367 128.45042
368 203.0
369 220.72954
370 204.134
371 49.557278
372 32.0
373 0.0
374 204.134
375 30.8
376 203.0
377 156.47597
378 77.757835
379 203.0
380 20.01105
381 71.184265
382 142.3192
383 185.5481
384 203.0
385 203.0
386 32.0
387 30.866
388 0.14271832
389 87.68249
390 36.11676
391 203.0
392 33.733997
393 175.20615
394 180.25781
395 0.0
396 0.0
397 18.770737
398 30.8
399 267.0
400 25.149174
401 1419.0
402 474.95065
403 267.7804
404 267.0
405 267.0
406 267.0
407 265.4185
408 234.8057
409 220.72954
410 204.134
411 204.134
412 204.134
413 204.134
414 204.134
415 204.134
416 204.134
417 204.134
418 203.0
419 203.0
420 203.0
421 203.0
422 203.0
423 203.0
424 203.0
425 203.0
426 203.0
427 203.0
428 203.0
429 203.0
430 203.0
431 203.0
432 203.0
433 203.0
434 203.0
435 203.0
436 203.0
437 203.0
438 203.0
439 203.0
440 203.0
441 203.0
442 203.0
443 203.0
444 203.0
445 203.0
446 203.0
447 203.0
448 203.0
449 203.0
450 203.0
451 204.134
452 5.086816
453 188.9111
454 267.0
455 136.75224
456 203.0
457 33.134
458 158.85446
459 267.0
460 204.134
461 169.43411
462 267.0
463 203.0
464 203.0
465 201.866
466 0.0
467 0.0
468 203.0
469 203.0
470 25.385368
471 0.0
472 61.637985
473 153.09799
474 203.0
475 203.0
476 203.0
477 203.0
478 204.134
479 203.0
480 37.41463
481 1.1340001
482 203.0
483 33.186275
484 34.267998
485 32.0
486 33.134
487 40.28263
488 179.27132
489 181.41566
490 169.54407
491 203.0
492 0.0
493 33.134
494 0.0
495 55.107155
496 223.89119
497 32.0
498 203.0
499 169.47897
500 203.0
501 1419.0
502 474.95065
503 267.7804
504 267.0
505 267.0
506 267.0
507 267.0
508 267.0
509 267.0
510 265.4185
511 234.8057
512 223.89119
513 220.72954
514 204.134
515 204.134
516 204.134
517 204.134
518 204.134
519 204.134
520 204.134
521 204.134
522 204.134
523 204.134
524 204.134
525 203.0
526 203.0
527 203.0
528 203.0
529 203.0
530 203.0
531 203.0
532 203.0
533 203.0
534 203.0
535 203.0
536 203.0
537 203.0
538 203.0
539 203.0
540 203.0
541 203.0
542 203.0
543 203.0
544 203.0
545 203.0
546 203.0
547 203.0
548 203.0
549 203.0
550 203.0
551 1.1340001
552 203.0
553 198.34831
554 67.25158
555 13.562244
556 30.866
557 202.36305
558 109.523346
559 268.134
560 218.64221
561 0.0
562 30.866
563 203.0
564 203.0
565 32.0
566 166.00113
567 99.569466
568 0.0
569 234.99945
570 30.866
571 51.15448
572 267.0
573 24.4471
574 170.13556
575 204.134
576 104.07178
577 32.0
578 0.0
579 12.3036585
580 203.0
581 267.0
582 203.0
583 203.0
584 65.824165
585 38.61463
586 203.0
587 763.0
588 93.25431
589 262.15405
590 0.0
591 114.81887
592 166.31403
593 30.8
594 28.34053
595 763.0
596 203.0
597 72.26223
598 203.0
599 203.0
600 142.22285
601 1419.0
602 763.0
603 763.0
604 474.95065
605 268.134
606 267.7804
607 267.0
608 267.0
609 267.0
610 267.0
611 267.0
612 267.0
613 267.0
614 267.0
615 265.4185
616 262.15405
617 234.99945
618 234.8057
619 223.89119
620 220.72954
621 218.64221
622 204.134
623 204.134
624 204.134
625 204.134
626 204.134
627 204.134
628 204.134
629 204.134
630 204.134
631 204.134
632 204.134
633 204.134
634 203.0
635 203.0
636 203.0
637 203.0
638 203.0
639 203.0
640 203.0
641 203.0
642 203.0
643 203.0
644 203.0
645 203.0
646 203.0
647 203.0
648 203.0
649 203.0
650 203.0
651 28.597004
652 192.07126
653 203.0
654 267.28647
655 142.38611
656 203.0
657 138.47397
658 203.0
659 131.278
660 30.866
661 147.76044
662 203.0
663 204.134
664 0.0
665 155.79094
666 233.95851
667 120.64003
668 158.81789
669 201.40482
670 274.52402
671 204.134
672 204.134
673 204.134
674 203.0
675 0.0
676 204.00925
677 204.134
678 188.22633
679 204.134
680 71.017044
681 0.0
682 204.134
683 203.0
684 34.554325
685 50.654633
686 258.8337
687 3.2185202
688 267.0
689 203.0
690 203.03291
691 56.34421
692 6.6146307
693 203.0
694 20.01105
695 203.0
696 203.0
697 24.251366
698 48.15213
699 203.0
700 748.35504
701 1419.0
702 763.0
703 763.0
704 748.35504
705 474.95065
706 274.52402
707 268.134
708 267.7804
709 267.28647
710 267.0
711 267.0
712 267.0
713 267.0
714 267.0
715 267.0
716 267.0
717 267.0
718 267.0
719 265.4185
720 262.15405
721 258.8337
722 234.99945
723 234.8057
724 233.95851
725 223.89119
726 220.72954
727 218.64221
728 204.134
729 204.134
730 204.134
731 204.134
732 204.134
733 204.134
734 204.134
735 204.134
736 204.134
737 204.134
738 204.134
739 204.134
740 204.134
741 204.134
742 204.134
743 204.134
744 204.134
745 204.134
746 204.134
747 204.00925
748 203.03291
749 203.0
750 203.0
751 0.0
752 267.0
753 203.0
754 267.95197
755 93.05311
756 203.0
757 231.19304
758 109.68532
759 203.0
760 267.0
761 203.0
762 203.0
763 346.60373
764 763.0
765 201.22346
766 41.841938
767 194.42523
768 6.585438
769 763.0
770 267.0
771 45.436264
772 169.6173
773 158.45723
774 0.0
775 1.1340001
776 153.27272
777 32.0
778 38.850822
779 203.0
780 203.0
781 38.61463
782 93.30336
783 28.597998
784 203.0
785 32.0
786 203.0
787 203.0
788 49.756996
789 126.10709
790 204.134
791 32.0
792 267.0
793 202.27522
794 0.0
795 204.134
796 203.0
797 203.0
798 238.644
799 203.0
800 0.0
801 1419.0
802 763.0
803 763.0
804 763.0
805 763.0
806 748.35504
807 474.95065
808 346.60373
809 274.52402
810 268.134
811 267.95197
812 267.7804
813 267.28647
814 267.0
815 267.0
816 267.0
817 267.0
818 267.0
819 267.0
820 267.0
821 267.0
822 267.0
823 267.0
824 267.0
825 267.0
826 267.0
827 265.4185
828 262.15405
829 258.8337
830 238.644
831 234.99945
832 234.8057
833 233.95851
834 231.19304
835 223.89119
836 220.72954
837 218.64221
838 204.134
839 204.134
840 204.134
841 204.134
842 204.134
843 204.134
844 204.134
845 204.134
846 204.134
847 204.134
848 204.134
849 204.134
850 204.134
851 0.0
852 203.0
853 203.0
854 203.0
855 203.0
856 71.417145
857 185.09341
858 245.07327
859 159.78691
860 267.0
861 175.93922
862 203.0
863 166.87968
864 267.0
865 0.0
866 115.06615
867 191.5795
868 203.0
869 203.0
870 203.0
871 153.1946
872 267.0
873 198.32825
874 268.134
875 50.360516
876 198.27458
877 409.426
878 39.204613
879 87.70689
880 203.0
881 203.0
882 203.0
883 168.00876
884 220.05232
885 163.9763
886 203.0
887 202.41893
888 45.465454
889 203.0
890 267.0
891 165.3592
892 246.74518
893 147.84544
894 86.350555
895 203.0
896 33.134
897 25.204649
898 204.134
899 32.0
900 1419.0
901 1419.0
902 1419.0
903 763.0
904 763.0
905 763.0
906 763.0
907 748.35504
908 474.95065
909 409.426
910 346.60373
911 274.52402
912 268.134
913 268.134
914 267.95197
915 267.7804
916 267.28647
917 267.0
918 267.0
919 267.0
920 267.0
921 267.0
922 267.0
923 267.0
924 267.0
925 267.0
926 267.0
927 267.0
928 267.0
929 267.0
930 267.0
931 267.0
932 267.0
933 267.0
934 265.4185
935 262.15405
936 258.8337
937 246.74518
938 245.07327
939 238.644
940 234.99945
941 234.8057
942 233.95851
943 231.19304
944 223.89119
945 220.72954
946 220.05232
947 218.64221
948 204.134
949 204.134
950 204.134
951 176.29541
952 203.0
953 129.655
954 203.0
955 203.0
956 203.0
957 195.54321
958 203.39323
959 171.69704
960 1163.0
961 98.66452
962 197.12985
963 204.134
964 203.0
965 203.0
966 203.0
967 234.8388
968 26.283175
969 49.77077
970 204.134
971 0.0
972 267.0
973 61.545013
974 20.978533
975 267.0
976 482.2483
977 93.37531
978 267.0
979 234.96617
980 33.134
981 203.0
982 203.0
983 327.5634
984 204.134
985 189.26631
986 763.0
987 192.61957
988 186.72281
989 2.2680001
990 180.32571
991 216.38246
992 203.0
993 231.19304
994 203.0
995 191.34938
996 203.7443
997 38.850822
998 43.169662
999 203.0
1000 3.7472422
1001 1419.0
1002 1419.0
1003 1163.0
1004 763.0
1005 763.0
1006 763.0
1007 763.0
1008 763.0
1009 748.35504
1010 482.2483
1011 474.95065
1012 409.426
1013 346.60373
1014 327.5634
1015 274.52402
1016 268.134
1017 268.134
1018 267.95197
1019 267.7804
1020 267.28647
1021 267.0
1022 267.0
1023 267.0
1024 267.0
1025 267.0
1026 267.0
1027 267.0
1028 267.0
1029 267.0
1030 267.0
1031 267.0
1032 267.0
1033 267.0
1034 267.0
1035 267.0
1036 267.0
1037 267.0
1038 267.0
1039 267.0
1040 267.0
1041 265.4185
1042 262.15405
1043 258.8337
1044 246.74518
1045 245.07327
1046 238.644
1047 234.99945
1048 234.96617
1049 234.8388
1050 234.8057
1051 98.79524
1052 268.134
1053 88.90195
1054 76.65843
1055 223.91779
1056 32.0
1057 0.0
1058 763.0
1059 28.193039
1060 267.0
1061 203.0
1062 0.0
1063 277.7202
1064 203.0
1065 203.0
1066 203.0
1067 267.0
1068 142.47057
1069 203.0
1070 98.7281
1071 203.0
1072 158.62863
1073 204.134
1074 763.0
1075 203.0
1076 33.134
1077 168.14687
1078 267.0
1079 26.519365
1080 218.40977
1081 203.0
1082 32.0
1083 280.7075
1084 203.0
1085 228.96405
1086 203.0
1087 0.0
1088 203.0
1089 203.0
1090 192.53664
1091 204.134
1092 203.0
1093 38.850822
1094 203.0
1095 179.16881
1096 192.09853
1097 169.6173
1098 203.0
1099 110.72337
1100 19.86285
1101 1419.0
1102 1419.0
1103 1163.0
1104 763.0
1105 763.0
1106 763.0
1107 763.0
1108 763.0
1109 763.0
1110 763.0
1111 748.35504
1112 482.2483
1113 474.95065
1114 409.426
1115 346.60373
1116 327.5634
1117 280.7075
1118 277.7202
1119 274.52402
1120 268.134
1121 268.134
1122 268.134
1123 267.95197
1124 267.7804
1125 267.28647
1126 267.0
1127 267.0
1128 267.0
1129 267.0
1130 267.0
1131 267.0
1132 267.0
1133 267.0
1134 267.0
1135 267.0
1136 267.0
1137 267.0
1138 267.0
1139 267.0
1140 267.0
1141 267.0
1142 267.0
1143 267.0
1144 267.0
1145 267.0
1146 267.0
1147 267.0
1148 267.0
1149 265.4185
1150 262.15405
1151 204.134
1152 203.0363
1153 251.46738
1154 204.134
1155 153.1221
1156 862.17175
1157 85.05763
1158 45.200073
1159 267.0
1160 203.0
1161 203.0
1162 24.280561
1163 203.0
1164 203.0
1165 45.28946
1166 1420.134
1167 204.134
1168 203.0
1169 158.85446
1170 204.134
1171 147.57706
1172 19.019865
1173 30.8
1174 177.09146
1175 17.170235
1176 203.0
1177 0.0
1178 204.134
1179 202.44615
1180 203.0
1181 204.134
1182 0.0
1183 203.0
1184 267.0
1185 203.0
1186 109.36044
1187 268.134
1188 4.35252
1189 32.0
1190 33.134
1191 180.61108
1192 103.93259
1193 206.12341
1194 191.1965
1195 176.90436
1196 32.0
1197 459.63608
1198 32.0
1199 -1.8710055
1200 0.0
1201 1420.134
1202 1419.0
1203 1419.0
1204 1163.0
1205 862.17175
1206 763.0
1207 763.0
1208 763.0
1209 763.0
1210 763.0
1211 763.0
1212 763.0
1213 748.35504
1214 482.2483
1215 474.95065
1216 459.63608
1217 409.426
1218 346.60373
1219 327.5634
1220 280.7075
1221 277.7202
1222 274.52402
1223 268.134
1224 268.134
1225 268.134
1226 268.134
1227 267.95197
1228 267.7804
1229 267.28647
1230 267.0
1231 267.0
1232 267.0
1233 267.0
1234 267.0
1235 267.0
1236 267.0
1237 267.0
1238 267.0
1239 267.0
1240 267.0
1241 267.0
1242 267.0
1243 267.0
1244 267.0
1245 267.0
1246 267.0
1247 267.0
1248 267.0
1249 267.0
1250 267.0
1251 203.0
1252 203.0
1253 80.96416
1254 203.0
1255 267.0
1256 203.0
1257 203.0
1258 482.00583
1259 203.0
1260 203.0
1261 203.0
1262 44.264767
1263 190.69635
1264 0.0
1265 49.285866
1266 0.0
1267 203.0
1268 34.267998
1269 343.87845
1270 39.496544
1271 202.0432
1272 196.38538
1273 44.303658
1274 60.675747
1275 0.0
1276 204.134
1277 152.71268
1278 203.0
1279 203.0
1280 493.2852
1281 142.24854
1282 174.90532
1283 73.36879
1284 153.38971
1285 33.134
1286 203.0
1287 267.0
1288 221.35696
1289 267.0
1290 71.140335
1291 267.0
1292 82.2312
1293 267.0
1294 6.6146307
1295 267.0
1296 147.8619
1297 267.0
1298 175.10416
1299 76.943756
1300 198.1575
1301 1420.134
1302 1419.0
1303 1419.0
1304 1163.0
1305 862.17175
1306 763.0
1307 763.0
1308 763.0
1309 763.0
1310 763.0
1311 763.0
1312 763.0
1313 748.35504
1314 493.2852
1315 482.2483
1316 482.00583
1317 474.95065
1318 459.63608
1319 409.426
1320 346.60373
1321 343.87845
1322 327.5634
1323 280.7075
1324 277.7202
1325 274.52402
1326 268.134
1327 268.134
1328 268.134
1329 268.134
1330 267.95197
1331 267.7804
1332 267.28647
1333 267.0
1334 267.0
1335 267.0
1336 267.0
1337 267.0
1338 267.0
1339 267.0
1340 267.0
1341 267.0
1342 267.0
1343 267.0
1344 267.0
1345 267.0
1346 267.0
1347 267.0
1348 267.0
1349 267.0
1350 267.0
1351 38.33252
1352 204.134
1353 33.134
1354 49.65253
1355 203.0
1356 267.0
1357 204.79648
1358 491.38705
1359 203.0
1360 71.21879
1361 497.7304
1362 203.0
1363 39.100784
1364 267.0
1365 203.0
1366 0.0
1367 104.222466
1368 146.57913
1369 163.81396
1370 161.06073
1371 38.54863
1372 203.0
1373 763.0
1374 1163.0
1375 134.03992
1376 203.0
1377 98.460724
1378 267.0
1379 203.0
1380 267.0
1381 32.0
1382 171.56679
1383 120.278206
1384 204.134
1385 180.37692
1386 203.0
1387 44.054546
1388 203.0
1389 1163.0
1390 203.0
1391 40.88263
1392 7.7486305
1393 44.303658
1394 203.0
1395 267.0
1396 0.0
1397 203.0
1398 203.0
1399 203.0
1400 203.0
1401 1420.134
1402 1419.0
1403 1419.0
1404 1163.0
1405 1163.0
1406 1163.0
1407 862.17175
1408 763.0
1409 763.0
1410 763.0
1411 763.0
1412 763.0
1413 763.0
1414 763.0
1415 763.0
1416 748.35504
1417 497.7304
1418 493.2852
1419 491.38705
1420 482.2483
1421 482.00583
1422 474.95065
1423 459.63608
1424 409.426
1425 346.60373
1426 343.87845
1427 327.5634
1428 280.7075
1429 277.7202
1430 274.52402
1431 268.134
1432 268.134
1433 268.134
1434 268.134
1435 267.95197
1436 267.7804
1437 267.28647
1438 267.0
1439 267.0
1440 267.0
1441 267.0
1442 267.0
1443 267.0
1444 267.0
1445 267.0
1446 267.0
1447 267.0
1448 267.0
1449 267.0
1450 267.0
1451 203.0
1452 203.0
1453 446.1232
1454 14.645837
1455 856.22864
1456 268.134
1457 120.30782
1458 204.134
1459 6.6146307
1460 196.38538
1461 203.0
1462 203.0
1463 203.0
1464 482.35254
1465 267.0
1466 203.0
1467 203.0
1468 267.0
1469 763.0
1470 88.65367
1471 203.0
1472 0.0
1473 183.91458
1474 25.385368
1475 76.85499
1476 622.38226
1477 114.84768
1478 1.1340001
1479 224.62103
1480 137.02516
1481 33.134
1482 0.0
1483 267.0
1484 2.868
1485 131.45793
1486 0.0
1487 82.02997
1488 267.0
1489 28.505848
1490 158.85446
1491 203.0
1492 116.86855
1493 33.134
1494 203.0
1495 203.0
1496 763.0
1497 267.0
1498 191.54442
1499 0.0
1500 203.0
