1 25.385368
2 0.0
3 142.05429
4 14.479365
5 0.0
6 30.866
7 0.0
8 33.134
9 58.254112
10 180.3962
11 120.38946
12 38.61463
13 395.0
14 43.84075
15 35.402
16 203.0
17 153.19043
18 25.385368
19 0.0
20 15.914138
21 98.47153
22 33.2
23 0.6
24 1.1340001
25 30.866
26 109.71296
27 32.0
28 177.0385
29 203.0
30 30.866
31 203.0
32 411.0
33 169.6173
34 203.0
35 109.278656
36 125.9011
37 33.134
38 37.619938
39 0.0
40 0.0
41 32.0
42 0.0
43 32.0
44 196.76067
45 32.0
46 26.58537
47 61.393044
48 0.0
49 33.134
50 0.0
51 203.0
52 15.682602
53 30.866
54 6.6146307
55 0.0
56 0.0
57 0.0
58 169.5441
59 153.01857
60 0.0
61 84.34649
62 0.0
63 0.0
64 203.0
65 32.0
66 204.134
67 0.0
68 98.369896
69 71.184265
70 0.0
71 25.385366
72 0.0
73 0.0
74 24.251366
75 27.628946
76 32.0
77 38.61463
78 180.44106
79 395.0
80 19.411049
81 0.0
82 0.0
83 185.99841
84 32.0
85 204.134
86 3.4728394
87 115.088715
88 147.9419
89 104.07178
90 0.0
91 203.0
92 0.0
93 29.731998
94 242.1008
95 395.0
96 136.88106
97 45.229263
98 203.0
99 174.7481
100 82.1477
101 411.0
102 395.0
103 395.0
104 395.0
105 242.1008
106 204.134
107 204.134
108 203.0
109 203.0
110 203.0
111 203.0
112 203.0
113 203.0
114 203.0
115 203.0
116 196.76067
117 185.99841
118 180.44106
119 180.3962
120 177.0385
121 174.7481
122 169.6173
123 169.5441
124 153.19043
125 153.01857
126 147.9419
127 142.05429
128 136.88106
129 125.9011
130 120.38946
131 115.088715
132 109.71296
133 109.278656
134 104.07178
135 98.47153
136 98.369896
137 84.34649
138 82.1477
139 71.184265
140 61.393044
141 58.254112
142 45.229263
143 43.84075
144 38.61463
145 38.61463
146 37.619938
147 35.402
148 33.2
149 33.134
150 33.134
151 45.229263
152 0.0
153 169.66254
154 104.07178
155 191.18942
156 30.866
157 275.30606
158 203.0
159 395.0
160 203.0
161 92.964134
162 203.0
163 103.940704
164 203.0
165 98.748245
166 172.44978
167 164.10985
168 203.0
169 191.35928
170 153.27272
171 0.0
172 160.82507
173 38.850822
174 9.15237
175 0.0
176 0.0
177 0.0
178 191.35353
179 0.0
180 103.940704
181 231.26677
182 0.0
183 114.81887
184 66.0474
185 33.134
186 203.0
187 0.0
188 80.828964
189 82.441956
190 38.61463
191 0.0
192 2.2814417
193 30.866
194 49.53518
195 203.0
196 28.787365
197 180.33902
198 203.0
199 185.79288
200 30.866
201 411.0
202 395.0
203 395.0
204 395.0
205 395.0
206 275.30606
207 242.1008
208 231.26677
209 204.134
210 204.134
211 203.0
212 203.0
213 203.0
214 203.0
215 203.0
216 203.0
217 203.0
218 203.0
219 203.0
220 203.0
221 203.0
222 203.0
223 203.0
224 203.0
225 203.0
226 203.0
227 196.76067
228 191.35928
229 191.35353
230 191.18942
231 185.99841
232 185.79288
233 180.44106
234 180.3962
235 180.33902
236 177.0385
237 174.7481
238 172.44978
239 169.66254
240 169.6173
241 169.5441
242 164.10985
243 160.82507
244 153.27272
245 153.19043
246 153.01857
247 147.9419
248 142.05429
249 136.88106
250 125.9011
251 203.0
252 219.5759
253 30.918278
254 169.35768
255 38.61463
256 191.16382
257 56.135265
258 33.134
259 93.15273
260 98.682686
261 33.733997
262 33.134
263 55.900497
264 98.48596
265 30.866
266 203.0
267 203.0
268 38.61463
269 169.5441
270 0.0
271 32.0
272 0.0
273 203.0
274 202.2316
275 169.63997
276 203.0
277 169.5441
278 158.85446
279 82.22287
280 0.0
281 44.155464
282 39.814632
283 71.44311
284 169.6173
285 158.5628
286 169.50296
287 203.0
288 172.18413
289 140.9581
290 37.48063
291 0.0
292 136.92737
293 32.0
294 0.0
295 91.84208
296 0.84965616
297 24.185368
298 38.850822
299 30.866
300 32.0
301 411.0
302 395.0
303 395.0
304 395.0
305 395.0
306 275.30606
307 242.1008
308 231.26677
309 219.5759
310 204.134
311 204.134
312 203.0
313 203.0
314 203.0
315 203.0
316 203.0
317 203.0
318 203.0
319 203.0
320 203.0
321 203.0
322 203.0
323 203.0
324 203.0
325 203.0
326 203.0
327 203.0
328 203.0
329 203.0
330 203.0
331 203.0
332 203.0
333 203.0
334 202.2316
335 196.76067
336 191.35928
337 191.35353
338 191.18942
339 191.16382
340 185.99841
341 185.79288
342 180.44106
343 180.3962
344 180.33902
345 177.0385
346 174.7481
347 172.44978
348 172.18413
349 169.66254
350 169.63997
351 142.1674
352 39.98482
353 0.0
354 169.33313
355 33.134
356 171.5117
357 411.0
358 109.344215
359 156.94733
360 33.134
361 203.0
362 251.24382
363 203.0
364 98.369896
365 203.0
366 109.77079
367 203.0
368 203.0
369 39.74863
370 203.0
371 147.67743
372 32.0
373 198.15637
374 114.97925
375 1.2
376 203.0
377 46.363262
378 29.731998
379 203.0
380 203.0
381 197.13887
382 35.89869
383 25.385368
384 87.86621
385 169.5441
386 29.731998
387 17.285864
388 163.88896
389 74.36634
390 32.6
391 123.59786
392 158.69627
393 0.0
394 198.2245
395 4.4932947
396 203.0
397 179.19708
398 114.80605
399 82.382454
400 203.0
401 411.0
402 411.0
403 395.0
404 395.0
405 395.0
406 395.0
407 275.30606
408 251.24382
409 242.1008
410 231.26677
411 219.5759
412 204.134
413 204.134
414 203.0
415 203.0
416 203.0
417 203.0
418 203.0
419 203.0
420 203.0
421 203.0
422 203.0
423 203.0
424 203.0
425 203.0
426 203.0
427 203.0
428 203.0
429 203.0
430 203.0
431 203.0
432 203.0
433 203.0
434 203.0
435 203.0
436 203.0
437 203.0
438 203.0
439 203.0
440 203.0
441 203.0
442 203.0
443 203.0
444 203.0
445 203.0
446 203.0
447 202.2316
448 198.2245
449 198.15637
450 197.13887
451 175.13602
452 203.0
453 174.75743
454 25.385368
455 203.0
456 411.0
457 45.084053
458 30.8
459 203.0
460 190.94344
461 202.2304
462 203.0
463 203.0
464 203.0
465 0.0
466 147.55937
467 30.866
468 31.933998
469 25.385368
470 33.857876
471 31.4
472 207.89609
473 203.0
474 203.0
475 170.556
476 104.0308
477 203.0
478 203.0
479 98.52627
480 204.134
481 204.134
482 40.34863
483 1.1340001
484 204.134
485 0.0
486 203.0
487 38.61463
488 203.0
489 25.581102
490 41.11882
491 203.0
492 1.1340001
493 43.968376
494 411.0
495 203.0
496 238.25565
497 70.02654
498 153.09799
499 37.48063
500 45.084053
501 411.0
502 411.0
503 411.0
504 411.0
505 395.0
506 395.0
507 395.0
508 395.0
509 275.30606
510 251.24382
511 242.1008
512 238.25565
513 231.26677
514 219.5759
515 207.89609
516 204.134
517 204.134
518 204.134
519 204.134
520 204.134
521 203.0
522 203.0
523 203.0
524 203.0
525 203.0
526 203.0
527 203.0
528 203.0
529 203.0
530 203.0
531 203.0
532 203.0
533 203.0
534 203.0
535 203.0
536 203.0
537 203.0
538 203.0
539 203.0
540 203.0
541 203.0
542 203.0
543 203.0
544 203.0
545 203.0
546 203.0
547 203.0
548 203.0
549 203.0
550 203.0
551 158.71715
552 38.61463
553 395.0
554 203.0
555 186.4235
556 395.0
557 203.0
558 110.80721
559 161.92639
560 0.0
561 203.0
562 411.0
563 203.0
564 76.69297
565 166.08803
566 203.0
567 203.0
568 49.285866
569 203.0
570 98.543495
571 32.0
572 71.531136
573 30.866
574 6.6146307
575 32.0
576 169.46179
577 203.0
578 203.0
579 31.934
580 203.0
581 203.0
582 98.60904
583 159.12656
584 49.925694
585 203.0
586 203.0
587 160.01
588 203.0
589 191.18942
590 203.0
591 203.0
592 203.0
593 204.134
594 142.47253
595 203.0
596 203.0
597 39.98482
598 203.0
599 32.6
600 0.0
601 411.0
602 411.0
603 411.0
604 411.0
605 411.0
606 395.0
607 395.0
608 395.0
609 395.0
610 395.0
611 395.0
612 275.30606
613 251.24382
614 242.1008
615 238.25565
616 231.26677
617 219.5759
618 207.89609
619 204.134
620 204.134
621 204.134
622 204.134
623 204.134
624 204.134
625 203.0
626 203.0
627 203.0
628 203.0
629 203.0
630 203.0
631 203.0
632 203.0
633 203.0
634 203.0
635 203.0
636 203.0
637 203.0
638 203.0
639 203.0
640 203.0
641 203.0
642 203.0
643 203.0
644 203.0
645 203.0
646 203.0
647 203.0
648 203.0
649 203.0
650 203.0
651 6.807743
652 32.0
653 395.0
654 203.0
655 25.385368
656 32.0
657 411.0
658 170.53651
659 203.0
660 475.0
661 61.934395
662 20.031622
663 147.65636
664 60.193043
665 158.79034
666 203.0
667 1.1340001
668 142.0478
669 203.0
670 114.760544
671 203.0
672 203.0
673 153.39334
674 43.114468
675 204.134
676 203.0
677 203.0
678 0.0
679 51.006287
680 49.419052
681 72.23479
682 203.0
683 25.149174
684 203.0
685 203.0
686 49.285866
687 45.62928
688 142.1062
689 203.0
690 185.67612
691 412.134
692 203.0
693 32.0
694 203.0
695 203.0
696 203.0
697 83.502914
698 203.0
699 203.0
700 87.60242
701 475.0
702 412.134
703 411.0
704 411.0
705 411.0
706 411.0
707 411.0
708 411.0
709 395.0
710 395.0
711 395.0
712 395.0
713 395.0
714 395.0
715 395.0
716 275.30606
717 251.24382
718 242.1008
719 238.25565
720 231.26677
721 219.5759
722 207.89609
723 204.134
724 204.134
725 204.134
726 204.134
727 204.134
728 204.134
729 204.134
730 203.0
731 203.0
732 203.0
733 203.0
734 203.0
735 203.0
736 203.0
737 203.0
738 203.0
739 203.0
740 203.0
741 203.0
742 203.0
743 203.0
744 203.0
745 203.0
746 203.0
747 203.0
748 203.0
749 203.0
750 203.0
751 411.0
752 203.0
753 203.0
754 203.0
755 203.0
756 307.1049
757 329.51508
758 6.6146307
759 203.0
760 17.67475
761 203.0
762 262.49518
763 203.0
764 38.61463
765 82.704216
766 0.0
767 38.61463
768 203.0
769 204.134
770 204.134
771 52.77314
772 203.0
773 203.0
774 0.0
775 115.18711
776 204.134
777 0.0
778 45.43766
779 36.34663
780 144.53531
781 47.11417
782 55.01313
783 203.0
784 204.134
785 34.267998
786 203.0
787 203.0
788 32.0
789 35.39611
790 198.1465
791 203.0
792 0.0
793 17.45264
794 33.134
795 6.6146307
796 180.87866
797 203.0
798 6.6146307
799 203.0
800 45.289463
801 475.0
802 412.134
803 411.0
804 411.0
805 411.0
806 411.0
807 411.0
808 411.0
809 411.0
810 395.0
811 395.0
812 395.0
813 395.0
814 395.0
815 395.0
816 395.0
817 329.51508
818 307.1049
819 275.30606
820 262.49518
821 251.24382
822 242.1008
823 238.25565
824 231.26677
825 219.5759
826 207.89609
827 204.134
828 204.134
829 204.134
830 204.134
831 204.134
832 204.134
833 204.134
834 204.134
835 204.134
836 204.134
837 204.134
838 203.0
839 203.0
840 203.0
841 203.0
842 203.0
843 203.0
844 203.0
845 203.0
846 203.0
847 203.0
848 203.0
849 203.0
850 203.0
851 104.08042
852 98.42057
853 203.0
854 203.0
855 204.134
856 203.0
857 201.866
858 131.57095
859 158.85446
860 203.0
861 27.719366
862 251.53357
863 82.224464
864 30.866
865 203.0
866 32.0
867 0.0
868 32.0
869 185.25905
870 203.0
871 203.0
872 273.29617
873 203.0
874 203.0
875 203.0
876 236.9972
877 203.0
878 203.0
879 412.134
880 49.285866
881 0.0
882 395.0
883 203.0
884 213.05301
885 203.0
886 203.0
887 203.0
888 220.28587
889 158.79036
890 172.70662
891 32.0
892 0.0
893 203.0
894 114.81887
895 203.0
896 166.71599
897 49.520634
898 191.181
899 203.0
900 0.0
901 475.0
902 412.134
903 412.134
904 411.0
905 411.0
906 411.0
907 411.0
908 411.0
909 411.0
910 411.0
911 395.0
912 395.0
913 395.0
914 395.0
915 395.0
916 395.0
917 395.0
918 395.0
919 329.51508
920 307.1049
921 275.30606
922 273.29617
923 262.49518
924 251.53357
925 251.24382
926 242.1008
927 238.25565
928 236.9972
929 231.26677
930 220.28587
931 219.5759
932 213.05301
933 207.89609
934 204.134
935 204.134
936 204.134
937 204.134
938 204.134
939 204.134
940 204.134
941 204.134
942 204.134
943 204.134
944 204.134
945 204.134
946 203.0
947 203.0
948 203.0
949 203.0
950 203.0
951 396.134
952 0.0
953 203.0
954 203.0
955 203.0
956 171.22937
957 45.27114
958 203.0
959 32.0
960 203.0
961 109.73455
962 411.0
963 14.232658
964 38.61463
965 158.85446
966 201.866
967 203.0
968 113.270935
969 203.0
970 169.3212
971 0.0
972 32.0
973 203.0
974 203.0
975 203.0
976 264.12103
977 109.468094
978 154.83707
979 411.0
980 203.0
981 395.0
982 120.330574
983 202.01625
984 203.0
985 203.0
986 395.0
987 48.295868
988 203.0
989 0.0
990 33.134
991 203.0
992 32.0
993 50.751774
994 203.0
995 104.07178
996 203.0
997 60.423313
998 162.48352
999 203.0
1000 395.0
1001 475.0
1002 412.134
1003 412.134
1004 411.0
1005 411.0
1006 411.0
1007 411.0
1008 411.0
1009 411.0
1010 411.0
1011 411.0
1012 411.0
1013 396.134
1014 395.0
1015 395.0
1016 395.0
1017 395.0
1018 395.0
1019 395.0
1020 395.0
1021 395.0
1022 395.0
1023 395.0
1024 395.0
1025 329.51508
1026 307.1049
1027 275.30606
1028 273.29617
1029 264.12103
1030 262.49518
1031 251.53357
1032 251.24382
1033 242.1008
1034 238.25565
1035 236.9972
1036 231.26677
1037 220.28587
1038 219.5759
1039 213.05301
1040 207.89609
1041 204.134
1042 204.134
1043 204.134
1044 204.134
1045 204.134
1046 204.134
1047 204.134
1048 204.134
1049 204.134
1050 204.134
1051 32.0
1052 204.134
1053 65.94905
1054 56.60782
1055 111.953575
1056 203.0
1057 203.0
1058 37.716824
1059 174.9058
1060 196.93706
1061 11.988956
1062 203.0
1063 203.0
1064 203.0
1065 121.68973
1066 115.210655
1067 203.0
1068 0.0
1069 109.72608
1070 32.0
1071 203.0
1072 204.134
1073 93.067024
1074 180.32295
1075 72.81437
1076 203.0
1077 142.38773
1078 174.73912
1079 203.0
1080 38.61463
1081 114.760544
1082 13.17151
1083 166.56618
1084 411.0
1085 244.3664
1086 203.0
1087 31.341259
1088 407.15552
1089 11.968375
1090 203.0
1091 157.44334
1092 203.0
1093 33.76777
1094 82.31315
1095 203.0
1096 203.0
1097 203.0
1098 411.0
1099 203.0
1100 174.78716
1101 475.0
1102 412.134
1103 412.134
1104 411.0
1105 411.0
1106 411.0
1107 411.0
1108 411.0
1109 411.0
1110 411.0
1111 411.0
1112 411.0
1113 411.0
1114 411.0
1115 407.15552
1116 396.134
1117 395.0
1118 395.0
1119 395.0
1120 395.0
1121 395.0
1122 395.0
1123 395.0
1124 395.0
1125 395.0
1126 395.0
1127 395.0
1128 329.51508
1129 307.1049
1130 275.30606
1131 273.29617
1132 264.12103
1133 262.49518
1134 251.53357
1135 251.24382
1136 244.3664
1137 242.1008
1138 238.25565
1139 236.9972
1140 231.26677
1141 220.28587
1142 219.5759
1143 213.05301
1144 207.89609
1145 204.134
1146 204.134
1147 204.134
1148 204.134
1149 204.134
1150 204.134
1151 203.0
1152 395.0
1153 203.0
1154 0.0
1155 240.84186
1156 176.17082
1157 203.0
1158 428.75705
1159 204.134
1160 203.0
1161 203.0
1162 204.134
1163 33.134
1164 159.27135
1165 203.2208
1166 204.134
1167 44.155464
1168 329.811
1169 131.27344
1170 203.0
1171 33.2
1172 89.15377
1173 191.4672
1174 411.0
1175 255.52634
1176 191.07211
1177 203.0
1178 203.0
1179 411.0
1180 163.93967
1181 20.978535
1182 411.0
1183 174.76762
1184 311.4356
1185 28.364918
1186 203.0
1187 3.7134476
1188 186.86104
1189 203.0
1190 392.6682
1191 203.0
1192 98.38709
1193 3.4179373
1194 32.0
1195 32.0
1196 411.0
1197 142.18622
1198 18.751781
1199 203.0
1200 0.0
1201 475.0
1202 428.75705
1203 412.134
1204 412.134
1205 411.0
1206 411.0
1207 411.0
1208 411.0
1209 411.0
1210 411.0
1211 411.0
1212 411.0
1213 411.0
1214 411.0
1215 411.0
1216 411.0
1217 411.0
1218 411.0
1219 411.0
1220 407.15552
1221 396.134
1222 395.0
1223 395.0
1224 395.0
1225 395.0
1226 395.0
1227 395.0
1228 395.0
1229 395.0
1230 395.0
1231 395.0
1232 395.0
1233 395.0
1234 392.6682
1235 329.811
1236 329.51508
1237 311.4356
1238 307.1049
1239 275.30606
1240 273.29617
1241 264.12103
1242 262.49518
1243 255.52634
1244 251.53357
1245 251.24382
1246 244.3664
1247 242.1008
1248 240.84186
1249 238.25565
1250 236.9972
1251 38.61463
1252 203.0
1253 203.0
1254 203.0
1255 203.0
1256 411.0
1257 142.32268
1258 142.19272
1259 194.70569
1260 203.0
1261 49.648273
1262 395.0
1263 395.0
1264 395.0
1265 412.134
1266 14.473827
1267 203.0
1268 203.0
1269 256.81644
1270 203.0
1271 203.0
1272 203.0
1273 203.0
1274 45.43766
1275 94.51967
1276 87.6954
1277 98.414116
1278 45.229263
1279 164.17174
1280 32.0
1281 158.4781
1282 165.21568
1283 204.134
1284 189.26573
1285 203.0
1286 203.0
1287 0.0
1288 203.0
1289 120.395096
1290 411.0
1291 204.134
1292 203.0
1293 203.0
1294 164.07335
1295 203.0
1296 188.6316
1297 220.28587
1298 203.0
1299 109.50112
1300 6.8508253
1301 475.0
1302 428.75705
1303 412.134
1304 412.134
1305 412.134
1306 411.0
1307 411.0
1308 411.0
1309 411.0
1310 411.0
1311 411.0
1312 411.0
1313 411.0
1314 411.0
1315 411.0
1316 411.0
1317 411.0
1318 411.0
1319 411.0
1320 411.0
1321 411.0
1322 411.0
1323 407.15552
1324 396.134
1325 395.0
1326 395.0
1327 395.0
1328 395.0
1329 395.0
1330 395.0
1331 395.0
1332 395.0
1333 395.0
1334 395.0
1335 395.0
1336 395.0
1337 395.0
1338 395.0
1339 395.0
1340 392.6682
1341 329.811
1342 329.51508
1343 311.4356
1344 307.1049
1345 275.30606
1346 273.29617
1347 264.12103
1348 262.49518
1349 256.81644
1350 255.52634
1351 196.9425
1352 254.61461
1353 131.55627
1354 204.134
1355 1.1340001
1356 258.73758
1357 0.0
1358 411.0
1359 411.0
1360 98.41984
1361 411.0
1362 203.0
1363 203.0
1364 203.0
1365 45.229263
1366 6.6146307
1367 395.0
1368 203.0
1369 220.75696
1370 204.134
1371 475.0
1372 103.91639
1373 203.0
1374 204.134
1375 203.0
1376 166.07893
1377 411.0
1378 30.265999
1379 185.7198
1380 203.0
1381 49.285866
1382 203.0
1383 367.3772
1384 60.44202
1385 52.977894
1386 203.26427
1387 204.134
1388 203.0
1389 0.0
1390 204.134
1391 129.4392
1392 169.38864
1393 57.860863
1394 33.081722
1395 269.66266
1396 203.0
1397 204.134
1398 203.0
1399 0.0
1400 191.44142
1401 475.0
1402 475.0
1403 428.75705
1404 412.134
1405 412.134
1406 412.134
1407 411.0
1408 411.0
1409 411.0
1410 411.0
1411 411.0
1412 411.0
1413 411.0
1414 411.0
1415 411.0
1416 411.0
1417 411.0
1418 411.0
1419 411.0
1420 411.0
1421 411.0
1422 411.0
1423 411.0
1424 411.0
1425 411.0
1426 411.0
1427 411.0
1428 407.15552
1429 396.134
1430 395.0
1431 395.0
1432 395.0
1433 395.0
1434 395.0
1435 395.0
1436 395.0
1437 395.0
1438 395.0
1439 395.0
1440 395.0
1441 395.0
1442 395.0
1443 395.0
1444 395.0
1445 395.0
1446 392.6682
1447 367.3772
1448 329.811
1449 329.51508
1450 311.4356
1451 202.2401
1452 196.38538
1453 203.0
1454 59.385548
1455 203.0
1456 396.48434
1457 203.0
1458 203.0
1459 203.0
1460 103.84276
1461 2325.3616
1462 229.47025
1463 136.59491
1464 203.0
1465 262.45874
1466 15.847875
1467 204.134
1468 411.0
1469 76.61156
1470 411.0
1471 258.52765
1472 203.0
1473 2.0845199
1474 203.0
1475 203.0
1476 212.54947
1477 0.0
1478 203.0
1479 411.0
1480 203.0
1481 204.134
1482 191.21375
1483 33.733997
1484 104.192276
1485 203.0
1486 395.0
1487 203.0
1488 87.66673
1489 65.86478
1490 412.134
1491 395.0
1492 203.0
1493 203.0
1494 252.27788
1495 203.0
1496 203.0
1497 364.46912
1498 203.0
1499 153.27272
1500 203.0
