1 38.61463
2 71.184265
3 0.0
4 203.0
5 6.6146307
6 203.0
7 0.0
8 158.85446
9 32.0
10 33.134
11 0.0
12 109.468094
13 38.61463
14 44.155464
15 109.468094
16 0.0
17 45.465454
18 379.0
19 115.12877
20 0.0
21 35.401997
22 12.1165695
23 30.866
24 191.18942
25 25.149174
26 46.256954
27 38.850822
28 33.134
29 93.27897
30 38.32967
31 40.050823
32 0.0
33 186.03702
34 25.385366
35 203.0
36 0.0
37 1.1340001
38 0.0
39 87.904335
40 0.0
41 0.6
42 32.0
43 29.731998
44 32.0
45 204.134
46 0.6
47 36.34663
48 0.0
49 38.61463
50 203.0
51 34.268
52 109.57834
53 25.414562
54 38.61463
55 1.1340001
56 0.0
57 93.37531
58 141.97398
59 32.0
60 38.850822
61 1.1340001
62 103.940704
63 55.900497
64 0.0
65 169.36441
66 169.5441
67 163.93513
68 0.0
69 158.85446
70 0.0
71 30.865997
72 32.0
73 90.96073
74 39.74863
75 0.0
76 159.5018
77 33.134
78 25.385368
79 27.659166
80 103.940704
81 203.0
82 0.0
83 203.0
84 76.269806
85 98.469826
86 0.0
87 192.69688
88 19.86285
89 32.6
90 0.0
91 203.0
92 1.1340001
93 33.186275
94 0.0
95 169.50296
96 0.0
97 1.2
98 30.866
99 0.0
100 0.0
101 379.0
102 204.134
103 203.0
104 203.0
105 203.0
106 203.0
107 203.0
108 203.0
109 203.0
110 192.69688
111 191.18942
112 186.03702
113 169.5441
114 169.50296
115 169.36441
116 163.93513
117 159.5018
118 158.85446
119 158.85446
120 141.97398
121 115.12877
122 109.57834
123 109.468094
124 109.468094
125 103.940704
126 103.940704
127 98.469826
128 93.37531
129 93.27897
130 90.96073
131 87.904335
132 76.269806
133 71.184265
134 55.900497
135 46.256954
136 45.465454
137 44.155464
138 40.050823
139 39.74863
140 38.850822
141 38.850822
142 38.61463
143 38.61463
144 38.61463
145 38.61463
146 38.32967
147 36.34663
148 35.401997
149 34.268
150 33.186275
151 30.679255
152 203.0
153 202.33823
154 202.34657
155 156.34746
156 0.0
157 104.07178
158 98.644066
159 42.89267
160 203.0
161 56.13669
162 109.468094
163 30.8
164 32.236195
165 57.034496
166 153.0361
167 0.0
168 32.0
169 40.882633
170 164.2868
171 0.0
172 0.0
173 39.74863
174 19.945047
175 103.93259
176 30.81372
177 203.0
178 39.98482
179 0.0
180 87.6954
181 27.119366
182 0.0
183 0.0
184 49.285866
185 203.0
186 0.0
187 0.0
188 203.0
189 379.0
190 0.0
191 202.98688
192 35.99611
193 39.98482
194 60.193043
195 0.0
196 93.37531
197 1.1340001
198 203.0
199 0.0
200 0.0
201 379.0
202 379.0
203 204.134
204 203.0
205 203.0
206 203.0
207 203.0
208 203.0
209 203.0
210 203.0
211 203.0
212 203.0
213 203.0
214 203.0
215 203.0
216 203.0
217 202.98688
218 202.34657
219 202.33823
220 192.69688
221 191.18942
222 186.03702
223 169.5441
224 169.50296
225 169.36441
226 164.2868
227 163.93513
228 159.5018
229 158.85446
230 158.85446
231 156.34746
232 153.0361
233 141.97398
234 115.12877
235 109.57834
236 109.468094
237 109.468094
238 109.468094
239 104.07178
240 103.940704
241 103.940704
242 103.93259
243 98.644066
244 98.469826
245 93.37531
246 93.37531
247 93.27897
248 90.96073
249 87.904335
250 87.6954
251 82.09348
252 203.0
253 163.88896
254 379.0
255 203.0
256 114.83106
257 49.386948
258 0.0
259 203.0
260 0.0
261 441.19025
262 38.61463
263 0.0
264 0.0
265 338.32343
266 93.30167
267 32.0
268 147.62897
269 0.0
270 32.0
271 104.29927
272 203.0
273 0.0
274 1.1340001
275 120.461586
276 185.99913
277 25.385368
278 25.451366
279 120.337555
280 87.799866
281 38.58544
282 37.41463
283 45.229263
284 1.1340001
285 181.35774
286 30.866
287 109.72608
288 30.679255
289 0.0
290 81.756645
291 87.48195
292 203.0
293 32.0
294 115.14708
295 32.0
296 26.614563
297 0.0
298 0.0
299 234.95296
300 32.0
301 441.19025
302 379.0
303 379.0
304 379.0
305 338.32343
306 234.95296
307 204.134
308 203.0
309 203.0
310 203.0
311 203.0
312 203.0
313 203.0
314 203.0
315 203.0
316 203.0
317 203.0
318 203.0
319 203.0
320 203.0
321 203.0
322 203.0
323 203.0
324 203.0
325 203.0
326 202.98688
327 202.34657
328 202.33823
329 192.69688
330 191.18942
331 186.03702
332 185.99913
333 181.35774
334 169.5441
335 169.50296
336 169.36441
337 164.2868
338 163.93513
339 163.88896
340 159.5018
341 158.85446
342 158.85446
343 156.34746
344 153.0361
345 147.62897
346 141.97398
347 120.461586
348 120.337555
349 115.14708
350 115.12877
351 30.866
352 203.0
353 379.0
354 0.0
355 203.0
356 174.73912
357 203.0
358 203.0
359 49.285866
360 38.61463
361 203.0
362 55.127834
363 203.0
364 67.17631
365 0.0
366 196.90834
367 49.285866
368 38.61463
369 0.0
370 204.134
371 36.582825
372 379.0
373 191.33224
374 163.97629
375 93.23611
376 33.134
377 0.0
378 49.520634
379 195.48201
380 38.850822
381 33.134
382 204.134
383 71.30518
384 93.37531
385 0.0
386 32.0
387 0.0
388 158.5628
389 164.08133
390 0.0
391 125.98882
392 103.83365
393 37.716824
394 31.636192
395 143.58206
396 32.0
397 98.543495
398 33.134
399 163.9763
400 0.0
401 441.19025
402 379.0
403 379.0
404 379.0
405 379.0
406 379.0
407 338.32343
408 234.95296
409 204.134
410 204.134
411 204.134
412 203.0
413 203.0
414 203.0
415 203.0
416 203.0
417 203.0
418 203.0
419 203.0
420 203.0
421 203.0
422 203.0
423 203.0
424 203.0
425 203.0
426 203.0
427 203.0
428 203.0
429 203.0
430 203.0
431 203.0
432 203.0
433 203.0
434 203.0
435 203.0
436 202.98688
437 202.34657
438 202.33823
439 196.90834
440 195.48201
441 192.69688
442 191.33224
443 191.18942
444 186.03702
445 185.99913
446 181.35774
447 174.73912
448 169.5441
449 169.50296
450 169.36441
451 204.134
452 505.77637
453 203.0
454 82.4062
455 25.385368
456 39.297047
457 203.0
458 32.0
459 19.336391
460 1.1340001
461 379.0
462 203.0
463 82.09117
464 87.47353
465 174.87645
466 40.23478
467 196.85855
468 0.0
469 6.6146307
470 44.303658
471 56.56887
472 49.43319
473 147.62897
474 6.8508253
475 25.385368
476 49.285866
477 144.399
478 203.0
479 204.134
480 87.799866
481 153.07613
482 203.0
483 200.25673
484 153.43393
485 103.86703
486 104.30035
487 203.0
488 38.640614
489 0.0
490 203.0
491 32.0
492 191.2169
493 32.0
494 204.134
495 34.267998
496 45.465454
497 50.770096
498 87.6954
499 103.83365
500 45.701645
501 505.77637
502 441.19025
503 379.0
504 379.0
505 379.0
506 379.0
507 379.0
508 379.0
509 338.32343
510 234.95296
511 204.134
512 204.134
513 204.134
514 204.134
515 204.134
516 204.134
517 203.0
518 203.0
519 203.0
520 203.0
521 203.0
522 203.0
523 203.0
524 203.0
525 203.0
526 203.0
527 203.0
528 203.0
529 203.0
530 203.0
531 203.0
532 203.0
533 203.0
534 203.0
535 203.0
536 203.0
537 203.0
538 203.0
539 203.0
540 203.0
541 203.0
542 203.0
543 203.0
544 203.0
545 203.0
546 203.0
547 203.0
548 202.98688
549 202.34657
550 202.33823
551 372.6133
552 25.385368
553 202.35115
554 191.52959
555 6.6146307
556 531.05286
557 32.0
558 0.0
559 166.40303
560 52.504387
561 203.0
562 203.0
563 203.0
564 32.0
565 203.0
566 380.134
567 203.0
568 161.82788
569 38.61463
570 203.0
571 32.0
572 0.0
573 203.0
574 0.0
575 6.6146307
576 0.0
577 180.45639
578 203.0
579 0.0
580 61.61764
581 24.251366
582 380.134
583 1.2
584 50.419865
585 203.0
586 203.0
587 379.0
588 65.80331
589 204.134
590 203.0
591 61.474335
592 0.0
593 550.0775
594 554.4
595 192.09256
596 203.0
597 204.134
598 182.93454
599 0.0
600 152.92924
601 554.4
602 550.0775
603 531.05286
604 505.77637
605 441.19025
606 380.134
607 380.134
608 379.0
609 379.0
610 379.0
611 379.0
612 379.0
613 379.0
614 379.0
615 372.6133
616 338.32343
617 234.95296
618 204.134
619 204.134
620 204.134
621 204.134
622 204.134
623 204.134
624 204.134
625 204.134
626 203.0
627 203.0
628 203.0
629 203.0
630 203.0
631 203.0
632 203.0
633 203.0
634 203.0
635 203.0
636 203.0
637 203.0
638 203.0
639 203.0
640 203.0
641 203.0
642 203.0
643 203.0
644 203.0
645 203.0
646 203.0
647 203.0
648 203.0
649 203.0
650 203.0
651 203.0
652 202.3759
653 204.134
654 203.0
655 169.6173
656 38.640614
657 175.19029
658 89.0073
659 39.74863
660 169.46179
661 203.0
662 203.0
663 204.134
664 203.0
665 0.0
666 179.81438
667 120.58347
668 203.0
669 203.0
670 379.0
671 191.4166
672 44.303658
673 0.0
674 93.30167
675 103.86703
676 203.0
677 203.0
678 533.8181
679 203.0
680 0.0
681 203.0
682 1.2
683 379.0
684 39.74863
685 109.56567
686 8.922574
687 204.134
688 6.6146307
689 203.0
690 203.0
691 25.765993
692 93.20983
693 33.134
694 22.23815
695 379.0
696 202.36688
697 32.0
698 203.0
699 0.0
700 164.30345
701 554.4
702 550.0775
703 533.8181
704 531.05286
705 505.77637
706 441.19025
707 380.134
708 380.134
709 379.0
710 379.0
711 379.0
712 379.0
713 379.0
714 379.0
715 379.0
716 379.0
717 379.0
718 379.0
719 372.6133
720 338.32343
721 234.95296
722 204.134
723 204.134
724 204.134
725 204.134
726 204.134
727 204.134
728 204.134
729 204.134
730 204.134
731 204.134
732 204.134
733 203.0
734 203.0
735 203.0
736 203.0
737 203.0
738 203.0
739 203.0
740 203.0
741 203.0
742 203.0
743 203.0
744 203.0
745 203.0
746 203.0
747 203.0
748 203.0
749 203.0
750 203.0
751 169.65315
752 203.0
753 203.0
754 379.0
755 379.0
756 109.706055
757 25.385368
758 29.731998
759 379.0
760 203.0
761 0.0
762 32.0
763 203.0
764 203.0
765 56.157356
766 17.285864
767 188.19753
768 33.320744
769 375.83432
770 203.0
771 0.0
772 379.0
773 30.265999
774 126.037415
775 203.0
776 203.0
777 379.0
778 158.44577
779 203.0
780 204.134
781 0.0
782 98.682686
783 379.0
784 203.0
785 203.0
786 203.0
787 71.100945
788 203.0
789 379.0
790 201.866
791 19.957012
792 83.48732
793 204.134
794 203.0
795 379.0
796 203.0
797 203.0
798 203.0
799 203.0
800 158.47084
801 554.4
802 550.0775
803 533.8181
804 531.05286
805 505.77637
806 441.19025
807 380.134
808 380.134
809 379.0
810 379.0
811 379.0
812 379.0
813 379.0
814 379.0
815 379.0
816 379.0
817 379.0
818 379.0
819 379.0
820 379.0
821 379.0
822 379.0
823 379.0
824 379.0
825 379.0
826 379.0
827 375.83432
828 372.6133
829 338.32343
830 234.95296
831 204.134
832 204.134
833 204.134
834 204.134
835 204.134
836 204.134
837 204.134
838 204.134
839 204.134
840 204.134
841 204.134
842 204.134
843 204.134
844 203.0
845 203.0
846 203.0
847 203.0
848 203.0
849 203.0
850 203.0
851 202.44685
852 546.9982
853 379.0
854 203.0
855 437.55228
856 25.385368
857 203.0
858 47.252632
859 379.0
860 203.0
861 0.0
862 170.54962
863 203.0
864 203.0
865 38.61463
866 203.0
867 156.1931
868 204.134
869 204.134
870 0.0
871 30.8
872 3.3074148
873 203.0
874 203.0
875 531.2459
876 169.49863
877 25.149174
878 77.78195
879 203.0
880 180.3962
881 203.0
882 203.0
883 148.53502
884 87.389496
885 180.3222
886 528.8878
887 473.1364
888 204.134
889 203.0
890 0.0
891 379.0
892 189.86316
893 180.46306
894 191.4316
895 201.21405
896 49.520634
897 0.0
898 203.0
899 203.0
900 0.0
901 554.4
902 550.0775
903 546.9982
904 533.8181
905 531.2459
906 531.05286
907 528.8878
908 505.77637
909 473.1364
910 441.19025
911 437.55228
912 380.134
913 380.134
914 379.0
915 379.0
916 379.0
917 379.0
918 379.0
919 379.0
920 379.0
921 379.0
922 379.0
923 379.0
924 379.0
925 379.0
926 379.0
927 379.0
928 379.0
929 379.0
930 379.0
931 379.0
932 379.0
933 379.0
934 379.0
935 375.83432
936 372.6133
937 338.32343
938 234.95296
939 204.134
940 204.134
941 204.134
942 204.134
943 204.134
944 204.134
945 204.134
946 204.134
947 204.134
948 204.134
949 204.134
950 204.134
951 204.134
952 181.6831
953 2.03272
954 203.0
955 354.01437
956 189.20422
957 33.067997
958 203.0
959 379.0
960 528.8075
961 203.0
962 180.66817
963 204.134
964 203.0
965 32.0
966 203.0
967 203.0
968 204.134
969 203.0
970 60.265972
971 88.79286
972 203.0
973 203.0
974 126.108734
975 203.0
976 203.0
977 0.0
978 203.0
979 203.0
980 33.134
981 37.41463
982 39.2113
983 193.3039
984 203.0
985 186.07162
986 380.134
987 379.0
988 147.9419
989 39.74863
990 524.56616
991 513.2422
992 1.1340001
993 204.134
994 0.0
995 33.134
996 1.1340001
997 32.0
998 98.682686
999 0.0
1000 27.65337
1001 554.4
1002 550.0775
1003 546.9982
1004 533.8181
1005 531.2459
1006 531.05286
1007 528.8878
1008 528.8075
1009 524.56616
1010 513.2422
1011 505.77637
1012 473.1364
1013 441.19025
1014 437.55228
1015 380.134
1016 380.134
1017 380.134
1018 379.0
1019 379.0
1020 379.0
1021 379.0
1022 379.0
1023 379.0
1024 379.0
1025 379.0
1026 379.0
1027 379.0
1028 379.0
1029 379.0
1030 379.0
1031 379.0
1032 379.0
1033 379.0
1034 379.0
1035 379.0
1036 379.0
1037 379.0
1038 379.0
1039 379.0
1040 379.0
1041 375.83432
1042 372.6133
1043 354.01437
1044 338.32343
1045 234.95296
1046 204.134
1047 204.134
1048 204.134
1049 204.134
1050 204.134
1051 76.709305
1052 203.0
1053 203.0
1054 204.134
1055 136.92737
1056 93.14895
1057 532.3479
1058 50.444397
1059 529.6513
1060 204.134
1061 178.64749
1062 17.285864
1063 44.155464
1064 203.0
1065 0.0
1066 20.154432
1067 33.134
1068 203.0
1069 529.8836
1070 203.0
1071 529.7074
1072 203.0
1073 14.177001
1074 150.80676
1075 203.0
1076 120.503365
1077 203.0
1078 379.0
1079 60.44202
1080 203.0
1081 204.134
1082 203.0
1083 23.651367
1084 203.0
1085 33.134
1086 0.0
1087 32.0
1088 203.0
1089 533.963
1090 125.96107
1091 181.00465
1092 379.0
1093 203.0
1094 464.84186
1095 25.385368
1096 1.1340001
1097 98.710365
1098 0.65874004
1099 203.0
1100 130.91801
1101 554.4
1102 550.0775
1103 546.9982
1104 533.963
1105 533.8181
1106 532.3479
1107 531.2459
1108 531.05286
1109 529.8836
1110 529.7074
1111 529.6513
1112 528.8878
1113 528.8075
1114 524.56616
1115 513.2422
1116 505.77637
1117 473.1364
1118 464.84186
1119 441.19025
1120 437.55228
1121 380.134
1122 380.134
1123 380.134
1124 379.0
1125 379.0
1126 379.0
1127 379.0
1128 379.0
1129 379.0
1130 379.0
1131 379.0
1132 379.0
1133 379.0
1134 379.0
1135 379.0
1136 379.0
1137 379.0
1138 379.0
1139 379.0
1140 379.0
1141 379.0
1142 379.0
1143 379.0
1144 379.0
1145 379.0
1146 379.0
1147 379.0
1148 379.0
1149 375.83432
1150 372.6133
1151 854.01587
1152 155.93631
1153 443.13763
1154 245.7982
1155 203.0
1156 203.0
1157 30.8
1158 380.134
1159 529.57245
1160 44.805214
1161 380.134
1162 153.35368
1163 93.35808
1164 379.0
1165 203.0
1166 530.7199
1167 0.0
1168 203.0
1169 204.134
1170 379.0
1171 203.0
1172 427.7767
1173 180.64091
1174 0.0
1175 379.0
1176 203.0
1177 7.7486305
1178 49.285866
1179 470.61716
1180 379.0
1181 203.0
1182 23.051365
1183 180.32295
1184 529.62695
1185 203.0
1186 379.0
1187 46.582466
1188 180.60704
1189 532.64905
1190 537.5248
1191 203.0
1192 203.0
1193 203.0
1194 186.07886
1195 0.0
1196 203.0
1197 523.5403
1198 204.134
1199 190.81487
1200 109.60326
1201 854.01587
1202 554.4
1203 550.0775
1204 546.9982
1205 537.5248
1206 533.963
1207 533.8181
1208 532.64905
1209 532.3479
1210 531.2459
1211 531.05286
1212 530.7199
1213 529.8836
1214 529.7074
1215 529.6513
1216 529.62695
1217 529.57245
1218 528.8878
1219 528.8075
1220 524.56616
1221 523.5403
1222 513.2422
1223 505.77637
1224 473.1364
1225 470.61716
1226 464.84186
1227 443.13763
1228 441.19025
1229 437.55228
1230 427.7767
1231 380.134
1232 380.134
1233 380.134
1234 380.134
1235 380.134
1236 379.0
1237 379.0
1238 379.0
1239 379.0
1240 379.0
1241 379.0
1242 379.0
1243 379.0
1244 379.0
1245 379.0
1246 379.0
1247 379.0
1248 379.0
1249 379.0
1250 379.0
1251 120.24949
1252 114.81887
1253 530.6936
1254 203.0
1255 379.0
1256 262.49988
1257 204.134
1258 203.0
1259 158.41734
1260 380.134
1261 380.134
1262 379.0
1263 34.267998
1264 394.06833
1265 401.03864
1266 379.0
1267 552.6015
1268 905.84406
1269 203.0
1270 379.0
1271 109.37067
1272 203.0
1273 203.0
1274 204.134
1275 9.592892
1276 203.0
1277 0.0
1278 50.419865
1279 203.0
1280 204.134
1281 203.0
1282 32.0
1283 54.919132
1284 203.0
1285 172.53711
1286 6.6146307
1287 203.0
1288 204.134
1289 203.0
1290 38.61463
1291 372.38538
1292 1.1340001
1293 77.93592
1294 534.9302
1295 203.0
1296 0.0
1297 9.454053
1298 33.134
1299 204.134
1300 203.0
1301 905.84406
1302 854.01587
1303 554.4
1304 552.6015
1305 550.0775
1306 546.9982
1307 537.5248
1308 534.9302
1309 533.963
1310 533.8181
1311 532.64905
1312 532.3479
1313 531.2459
1314 531.05286
1315 530.7199
1316 530.6936
1317 529.8836
1318 529.7074
1319 529.6513
1320 529.62695
1321 529.57245
1322 528.8878
1323 528.8075
1324 524.56616
1325 523.5403
1326 513.2422
1327 505.77637
1328 473.1364
1329 470.61716
1330 464.84186
1331 443.13763
1332 441.19025
1333 437.55228
1334 427.7767
1335 401.03864
1336 394.06833
1337 380.134
1338 380.134
1339 380.134
1340 380.134
1341 380.134
1342 380.134
1343 380.134
1344 379.0
1345 379.0
1346 379.0
1347 379.0
1348 379.0
1349 379.0
1350 379.0
1351 203.0
1352 379.0
1353 203.0
1354 87.589134
1355 203.0
1356 125.91334
1357 203.0
1358 534.9202
1359 33.733997
1360 38.850822
1361 267.6707
1362 380.134
1363 180.22783
1364 379.0
1365 203.0
1366 203.0
1367 21.56151
1368 5.628172
1369 66.88132
1370 104.01547
1371 204.134
1372 203.0
1373 109.47335
1374 380.134
1375 175.14357
1376 527.0135
1377 33.134
1378 23.235062
1379 28.274391
1380 19.69634
1381 193.72302
1382 0.0
1383 203.0
1384 196.96584
1385 337.28418
1386 53.879723
1387 174.86835
1388 380.134
1389 379.0
1390 203.0
1391 101.61591
1392 380.134
1393 203.0
1394 45.465454
1395 379.0
1396 93.142746
1397 555.0
1398 203.0
1399 555.0
1400 32.0
1401 905.84406
1402 854.01587
1403 555.0
1404 555.0
1405 554.4
1406 552.6015
1407 550.0775
1408 546.9982
1409 537.5248
1410 534.9302
1411 534.9202
1412 533.963
1413 533.8181
1414 532.64905
1415 532.3479
1416 531.2459
1417 531.05286
1418 530.7199
1419 530.6936
1420 529.8836
1421 529.7074
1422 529.6513
1423 529.62695
1424 529.57245
1425 528.8878
1426 528.8075
1427 527.0135
1428 524.56616
1429 523.5403
1430 513.2422
1431 505.77637
1432 473.1364
1433 470.61716
1434 464.84186
1435 443.13763
1436 441.19025
1437 437.55228
1438 427.7767
1439 401.03864
1440 394.06833
1441 380.134
1442 380.134
1443 380.134
1444 380.134
1445 380.134
1446 380.134
1447 380.134
1448 380.134
1449 380.134
1450 380.134
1451 529.1671
1452 379.0
1453 203.0
1454 379.0
1455 203.0
1456 55.054726
1457 555.0
1458 203.0
1459 203.0
1460 203.0
1461 202.07103
1462 380.134
1463 180.25781
1464 203.0
1465 253.4758
1466 25.385368
1467 220.35966
1468 372.38538
1469 203.0
1470 48.44738
1471 379.0
1472 379.0
1473 160.58759
1474 527.9375
1475 204.134
1476 203.0
1477 203.0
1478 524.97876
1479 175.70912
1480 542.9965
1481 25.385368
1482 29.731998
1483 203.0
1484 203.0
1485 203.0
1486 203.0
1487 180.5618
1488 204.134
1489 400.70862
1490 379.0
1491 512.433
1492 510.8664
1493 380.134
1494 180.32295
1495 148.11797
1496 380.134
1497 109.57326
1498 6.6146307
1499 555.0
1500 203.0
